pycsou_dask.py : 28.940747499465942
pycsou_sparse.py : 10.975258827209473
pmb_10_1.py : 11.721441507339478
pmb_10_10.py : 10.784249782562256
pmb_10_15.py : 11.712892293930054
pmb_10_2.py : 11.34003233909607
pmb_10_20.py : 12.426194667816162
pmb_10_5.py : 11.283783912658691
pmb_15_1.py : 13.34019422531128
pmb_15_10.py : 10.76621413230896
pmb_15_15.py : 10.637333154678345
pmb_15_2.py : 11.517826318740845
pmb_15_20.py : 10.310236930847168
pmb_15_5.py : 10.817728281021118
pmb_20_1.py : 18.445440769195557
pmb_20_10.py : 10.987922430038452
pmb_20_15.py : 11.088674068450928
pmb_20_2.py : 13.935623168945312
pmb_20_20.py : 10.372406244277954
pmb_20_5.py : 11.32935905456543
pmb_2_1.py : 15.294006824493408
pmb_2_2.py : 15.581175804138184
pmb_50_1.py : 72.29523205757141
pmb_50_10.py : 19.084471940994263
pmb_50_15.py : 17.510340690612793
pmb_50_2.py : 42.17158102989197
pmb_50_20.py : 16.46899700164795
pmb_50_5.py : 24.71404767036438
pmb_5_1.py : 12.087825775146484
pmb_5_10.py : 11.914735794067383
pmb_5_15.py : 13.31282091140747
pmb_5_2.py : 12.476099491119385
pmb_5_20.py : 14.069495916366577
pmb_5_5.py : 12.696294784545898
