pycsou_dask.py : 28.959716320037842
pycsou_sparse.py : 10.811896085739136
pmb_10_1.py : 11.717273950576782
pmb_10_10.py : 11.641335248947144
pmb_10_15.py : 11.15195107460022
pmb_10_2.py : 11.301883935928345
pmb_10_20.py : 11.511589050292969
pmb_10_5.py : 11.249356269836426
pmb_15_1.py : 13.281688451766968
pmb_15_10.py : 10.683433771133423
pmb_15_15.py : 10.31916618347168
pmb_15_2.py : 11.563319206237793
pmb_15_20.py : 10.05982494354248
pmb_15_5.py : 10.80593752861023
pmb_20_1.py : 18.624164581298828
pmb_20_10.py : 11.853134393692017
pmb_20_15.py : 10.91881799697876
pmb_20_2.py : 13.14814305305481
pmb_20_20.py : 10.404662132263184
pmb_20_5.py : 11.347196817398071
pmb_2_1.py : 15.545207262039185
pmb_2_2.py : 15.692373514175415
pmb_50_1.py : 46.90640568733215
pmb_50_10.py : 15.194957733154297
pmb_50_15.py : 14.233348608016968
pmb_50_2.py : 28.680071353912354
pmb_50_20.py : 14.180371761322021
pmb_50_5.py : 18.538826942443848
pmb_5_1.py : 12.190420389175415
pmb_5_10.py : 13.296376466751099
pmb_5_15.py : 13.239303588867188
pmb_5_2.py : 11.814724445343018
pmb_5_20.py : 13.769263982772827
pmb_5_5.py : 12.409343957901001
