pycsou_dask.py : 27.99277925491333
pycsou_sparse.py : 14.099594354629517
pmb_10_1.py : 11.32308554649353
pmb_10_10.py : 11.276377439498901
pmb_10_15.py : 11.027073621749878
pmb_10_2.py : 11.478030681610107
pmb_10_20.py : 12.192996978759766
pmb_10_5.py : 11.626856803894043
pmb_15_1.py : 10.115177392959595
pmb_15_10.py : 9.665311336517334
pmb_15_15.py : 9.61290955543518
pmb_15_2.py : 9.799026012420654
pmb_15_20.py : 9.943023443222046
pmb_15_5.py : 9.670913696289062
pmb_20_1.py : 10.248304605484009
pmb_20_10.py : 9.51137399673462
pmb_20_15.py : 9.411630630493164
pmb_20_2.py : 9.860002517700195
pmb_20_20.py : 8.95711874961853
pmb_20_5.py : 9.500839471817017
pmb_2_1.py : 15.328041076660156
pmb_2_2.py : 16.423941612243652
pmb_50_1.py : 11.553439855575562
pmb_50_10.py : 9.371726036071777
pmb_50_15.py : 9.325622320175171
pmb_50_2.py : 10.21858286857605
pmb_50_20.py : 9.17160677909851
pmb_50_5.py : 9.5823655128479
pmb_5_1.py : 12.493282318115234
pmb_5_10.py : 12.164764165878296
pmb_5_15.py : 15.592053174972534
pmb_5_2.py : 11.963958263397217
pmb_5_20.py : 15.262763023376465
pmb_5_5.py : 12.949868202209473
pf_10_10.py : 9.408919095993042
pf_10_15.py : 8.953842401504517
pf_10_2.py : 6.391764402389526
pf_10_20.py : 10.202736616134644
pf_10_5.py : 7.977319955825806
pf_15_10.py : 6.906072616577148
pf_15_15.py : 7.288566589355469
pf_15_2.py : 5.234989404678345
pf_15_20.py : 7.346417427062988
pf_15_5.py : 7.126122236251831
pf_20_10.py : 6.8543479442596436
pf_20_15.py : 7.058710336685181
pf_20_2.py : 5.551171779632568
pf_20_20.py : 7.807291507720947
pf_20_5.py : 6.447234869003296
pf_2_2.py : 13.61684799194336
pf_50_10.py : 6.712306499481201
pf_50_15.py : 6.843066930770874
pf_50_2.py : 7.049427270889282
pf_50_20.py : 6.874205589294434
pf_50_5.py : 6.965747356414795
pf_5_10.py : 11.180949926376343
pf_5_15.py : 11.463358402252197
pf_5_2.py : 7.196027994155884
pf_5_20.py : 13.618918895721436
pf_5_5.py : 10.03358006477356
