pycsou_dask.py : 200.5997507572174
pycsou_sparse.py : 
pmb_10_1.py : 67.67579579353333
pmb_10_10.py : 75.68923449516296
pmb_10_15.py : 71.78237795829773
pmb_10_2.py : 66.00095748901367
pmb_10_20.py : 78.71672034263611
pmb_10_5.py : 69.27281856536865
pmb_15_1.py : 65.97962188720703
pmb_15_10.py : 66.63033080101013
pmb_15_15.py : 68.39554905891418
pmb_15_2.py : 65.1365807056427
pmb_15_20.py : 67.78079843521118
pmb_15_5.py : 66.12596130371094
pmb_20_1.py : 70.44426155090332
pmb_20_10.py : 65.65134525299072
pmb_20_15.py : 65.8123095035553
pmb_20_2.py : 66.04840636253357
pmb_20_20.py : 65.91955924034119
pmb_20_5.py : 64.52388048171997
pmb_2_1.py : 89.0840392112732
pmb_2_2.py : 112.7504711151123
pmb_50_1.py : 495.97971844673157
pmb_50_10.py : 123.49960398674011
pmb_50_15.py : 111.80444693565369
pmb_50_2.py : 279.59229588508606
pmb_50_20.py : 105.4633948802948
pmb_50_5.py : 161.0426836013794
pmb_5_1.py : 70.41020488739014
pmb_5_10.py : 96.76077818870544
pmb_5_15.py : 109.57861399650574
pmb_5_2.py : 71.6906099319458
pmb_5_20.py : 149.00547194480896
pmb_5_5.py : 84.91467380523682
