pycsou_dask.py : 28.63813066482544
pycsou_sparse.py : 15.709491491317749
pmb_10_1.py : 11.161725759506226
pmb_10_10.py : 10.749006032943726
pmb_10_15.py : 10.89334774017334
pmb_10_2.py : 10.909501791000366
pmb_10_20.py : 12.253008365631104
pmb_10_5.py : 11.188226222991943
pmb_15_1.py : 11.136965274810791
pmb_15_10.py : 10.81020975112915
pmb_15_15.py : 10.683386325836182
pmb_15_2.py : 10.829033613204956
pmb_15_20.py : 10.730510711669922
pmb_15_5.py : 10.746795654296875
pmb_20_1.py : 10.951794624328613
pmb_20_10.py : 10.267745971679688
pmb_20_15.py : 10.592614889144897
pmb_20_2.py : 10.625770092010498
pmb_20_20.py : 10.108413457870483
pmb_20_5.py : 10.302332878112793
pmb_2_1.py : 15.598350286483765
pmb_2_2.py : 15.783491373062134
pmb_50_1.py : 10.769350051879883
pmb_50_10.py : 9.580977439880371
pmb_50_15.py : 9.304070711135864
pmb_50_2.py : 10.212197065353394
pmb_50_20.py : 9.22235894203186
pmb_50_5.py : 10.04822826385498
pmb_5_1.py : 12.234975814819336
pmb_5_10.py : 12.392995834350586
pmb_5_15.py : 14.182766675949097
pmb_5_2.py : 11.79031252861023
pmb_5_20.py : 13.056457996368408
pmb_5_5.py : 12.543339490890503
