pycsou_dask.py : 27.196110248565674
pycsou_sparse.py : 
pmb_10_1.py : 17.14875626564026
pmb_10_10.py : 20.148940801620483
pmb_10_15.py : 20.262166023254395
pmb_10_2.py : 16.520707845687866
pmb_10_20.py : 26.164530515670776
pmb_10_5.py : 16.263033628463745
pmb_15_1.py : 16.662761449813843
pmb_15_10.py : 16.29947066307068
pmb_15_15.py : 18.35216975212097
pmb_15_2.py : 15.664461374282837
pmb_15_20.py : 17.72465753555298
pmb_15_5.py : 16.83872628211975
pmb_20_1.py : 15.526794910430908
pmb_20_10.py : 16.332269430160522
pmb_20_15.py : 18.48282265663147
pmb_20_2.py : 16.428361177444458
pmb_20_20.py : 18.841118574142456
pmb_20_5.py : 15.815712690353394
pmb_2_1.py : 18.14944291114807
pmb_2_2.py : 23.03405213356018
pmb_50_1.py : 16.06651020050049
pmb_50_10.py : 15.19167947769165
pmb_50_15.py : 15.890953063964844
pmb_50_2.py : 15.498193264007568
pmb_50_20.py : 17.036974668502808
pmb_50_5.py : 16.175501823425293
pmb_5_1.py : 17.94856095314026
pmb_5_10.py : 25.445319890975952
pmb_5_15.py : 27.214568376541138
pmb_5_2.py : 18.246094703674316
pmb_5_20.py : 27.23333215713501
pmb_5_5.py : 19.87358021736145
