pycsou_dask.py : 204.39225840568542
pycsou_sparse.py : 
pmb_10_1.py : 65.02919220924377
pmb_10_10.py : 70.7105131149292
pmb_10_15.py : 68.2513496875763
pmb_10_2.py : 65.32953906059265
pmb_10_20.py : 81.5361795425415
pmb_10_5.py : 66.97709560394287
pmb_15_1.py : 63.60590648651123
pmb_15_10.py : 65.72067451477051
pmb_15_15.py : 68.02442240715027
pmb_15_2.py : 64.25462126731873
pmb_15_20.py : 65.66366720199585
pmb_15_5.py : 65.59022879600525
pmb_20_1.py : 62.33736252784729
pmb_20_10.py : 64.26063942909241
pmb_20_15.py : 68.55817317962646
pmb_20_2.py : 62.36554288864136
pmb_20_20.py : 64.26893520355225
pmb_20_5.py : 62.10787034034729
pmb_2_1.py : 88.97828102111816
pmb_2_2.py : 112.09546446800232
pmb_50_1.py : 65.9726140499115
pmb_50_10.py : 61.42608165740967
pmb_50_15.py : 61.455968618392944
pmb_50_2.py : 63.22217607498169
pmb_50_20.py : 61.889206409454346
pmb_50_5.py : 61.5168559551239
pmb_5_1.py : 69.43875765800476
pmb_5_10.py : 100.3725004196167
pmb_5_15.py : 109.56508684158325
pmb_5_2.py : 72.15298533439636
pmb_5_20.py : 149.2428925037384
pmb_5_5.py : 86.09336376190186
