pycsou_dask.py : 28.82100772857666
pycsou_sparse.py : 19.843724966049194
pmb_10_1.py : 11.437381982803345
pmb_10_10.py : 12.12040662765503
pmb_10_15.py : 13.480113506317139
pmb_10_2.py : 11.517065286636353
pmb_10_20.py : 13.619847774505615
pmb_10_5.py : 11.393714427947998
pmb_15_1.py : 11.640036344528198
pmb_15_10.py : 11.539573431015015
pmb_15_15.py : 12.302465200424194
pmb_15_2.py : 11.591043710708618
pmb_15_20.py : 11.52608847618103
pmb_15_5.py : 11.997669696807861
pmb_20_1.py : 11.129234552383423
pmb_20_10.py : 11.126370668411255
pmb_20_15.py : 11.065180778503418
pmb_20_2.py : 11.108340740203857
pmb_20_20.py : 11.47058629989624
pmb_20_5.py : 10.554223537445068
pmb_2_1.py : 16.22713541984558
pmb_2_2.py : 18.723067045211792
pmb_50_1.py : 11.014467239379883
pmb_50_10.py : 9.953900575637817
pmb_50_15.py : 10.130992412567139
pmb_50_2.py : 10.586851358413696
pmb_50_20.py : 9.825039863586426
pmb_50_5.py : 10.072895765304565
pmb_5_1.py : 11.530015468597412
pmb_5_10.py : 12.753161191940308
pmb_5_15.py : 13.34847617149353
pmb_5_2.py : 11.822750329971313
pmb_5_20.py : 14.155104398727417
pmb_5_5.py : 12.553820371627808
