pycsou_dask.py : 29.009310722351074
pycsou_sparse.py : 16.01011323928833
pmb_10_1.py : 12.449683666229248
pmb_10_10.py : 13.297524690628052
pmb_10_15.py : 12.128113269805908
pmb_10_2.py : 12.085498571395874
pmb_10_20.py : 12.397002220153809
pmb_10_5.py : 12.148772239685059
pmb_15_1.py : 13.90414810180664
pmb_15_10.py : 11.14546513557434
pmb_15_15.py : 10.601386308670044
pmb_15_2.py : 12.350577592849731
pmb_15_20.py : 10.799540281295776
pmb_15_5.py : 11.256843566894531
pmb_20_1.py : 17.447104930877686
pmb_20_10.py : 11.486594200134277
pmb_20_15.py : 11.317404508590698
pmb_20_2.py : 13.80321478843689
pmb_20_20.py : 10.97065258026123
pmb_20_5.py : 11.774910688400269
pmb_2_1.py : 15.45687484741211
pmb_2_2.py : 16.74226975440979
pmb_50_1.py : 47.07838773727417
pmb_50_10.py : 16.004599571228027
pmb_50_15.py : 14.959853410720825
pmb_50_2.py : 29.289438724517822
pmb_50_20.py : 14.872730255126953
pmb_50_5.py : 19.129018306732178
pmb_5_1.py : 12.864529609680176
pmb_5_10.py : 13.770925760269165
pmb_5_15.py : 13.983222723007202
pmb_5_2.py : 12.760294198989868
pmb_5_20.py : 15.216001987457275
pmb_5_5.py : 13.095528841018677
