pycsou_dask.py : 28.030882835388184
pycsou_sparse.py : 10.198358297348022
pmb_10_1.py : 10.759825944900513
pmb_10_10.py : 10.058831453323364
pmb_10_15.py : 10.113348960876465
pmb_10_2.py : 10.527838706970215
pmb_10_20.py : 11.006812572479248
pmb_10_5.py : 10.599531888961792
pmb_15_1.py : 9.623045921325684
pmb_15_10.py : 9.12939715385437
pmb_15_15.py : 8.776253461837769
pmb_15_2.py : 9.254481315612793
pmb_15_20.py : 9.533700942993164
pmb_15_5.py : 9.240543603897095
pmb_20_1.py : 9.524260997772217
pmb_20_10.py : 9.017791986465454
pmb_20_15.py : 8.801098108291626
pmb_20_2.py : 9.241113901138306
pmb_20_20.py : 8.673014879226685
pmb_20_5.py : 8.842820167541504
pmb_2_1.py : 14.93225884437561
pmb_2_2.py : 14.788246870040894
pmb_50_1.py : 10.97542953491211
pmb_50_10.py : 8.775949478149414
pmb_50_15.py : 8.696023941040039
pmb_50_2.py : 9.573903560638428
pmb_50_20.py : 9.189614295959473
pmb_50_5.py : 9.057104587554932
pmb_5_1.py : 11.665779829025269
pmb_5_10.py : 13.181373119354248
pmb_5_15.py : 14.065476655960083
pmb_5_2.py : 11.468333959579468
pmb_5_20.py : 14.417699098587036
pmb_5_5.py : 12.130568504333496
pf_10_10.py : 8.559579849243164
pf_10_15.py : 8.409698724746704
pf_10_2.py : 5.8152806758880615
pf_10_20.py : 9.196928262710571
pf_10_5.py : 7.780058145523071
pf_15_10.py : 6.379491090774536
pf_15_15.py : 6.384674549102783
pf_15_2.py : 5.012632846832275
pf_15_20.py : 6.598539590835571
pf_15_5.py : 5.998670339584351
pf_20_10.py : 6.374575614929199
pf_20_15.py : 6.371912717819214
pf_20_2.py : 5.093756675720215
pf_20_20.py : 6.517336130142212
pf_20_5.py : 5.9443910121917725
pf_2_2.py : 13.976522445678711
pf_50_10.py : 6.175243854522705
pf_50_15.py : 6.223661422729492
pf_50_2.py : 6.588016510009766
pf_50_20.py : 6.29429817199707
pf_50_5.py : 6.447382211685181
pf_5_10.py : 10.810463190078735
pf_5_15.py : 10.797910690307617
pf_5_2.py : 6.497138738632202
pf_5_20.py : 12.695218086242676
pf_5_5.py : 9.512197971343994
