pycsou_dask.py : 29.125175952911377
pycsou_sparse.py : 22.262831449508667
pmb_10_1.py : 12.402865171432495
pmb_10_10.py : 11.576091051101685
pmb_10_15.py : 12.108855485916138
pmb_10_2.py : 12.141437530517578
pmb_10_20.py : 12.661492347717285
pmb_10_5.py : 12.149182796478271
pmb_15_1.py : 12.659328699111938
pmb_15_10.py : 11.77653431892395
pmb_15_15.py : 11.903269052505493
pmb_15_2.py : 12.077238082885742
pmb_15_20.py : 12.501410722732544
pmb_15_5.py : 11.923230409622192
pmb_20_1.py : 13.171970129013062
pmb_20_10.py : 11.3394193649292
pmb_20_15.py : 11.3473379611969
pmb_20_2.py : 11.926271200180054
pmb_20_20.py : 11.24358344078064
pmb_20_5.py : 11.374696731567383
pmb_2_1.py : 15.13979434967041
pmb_2_2.py : 19.680050373077393
pmb_50_1.py : 22.206026315689087
pmb_50_10.py : 12.060065269470215
pmb_50_15.py : 11.951307773590088
pmb_50_2.py : 16.230184078216553
pmb_50_20.py : 11.664560794830322
pmb_50_5.py : 13.518813371658325
pmb_5_1.py : 12.60507845878601
pmb_5_10.py : 14.033961534500122
pmb_5_15.py : 17.21605896949768
pmb_5_2.py : 12.647221088409424
pmb_5_20.py : 14.628592014312744
pmb_5_5.py : 14.863262176513672
pycsou_dask.py : 29.10727834701538
pycsou_sparse.py : 22.19932746887207
pmb_10_1.py : 12.419067859649658
pmb_10_10.py : 11.608570337295532
pmb_10_15.py : 12.44998836517334
pmb_10_2.py : 12.378296136856079
pmb_10_20.py : 12.915390014648438
pmb_10_5.py : 11.95231556892395
pmb_15_1.py : 12.489492177963257
pmb_15_10.py : 11.7499520778656
pmb_15_15.py : 11.554280757904053
pmb_15_2.py : 12.02615761756897
pmb_15_20.py : 12.775219440460205
pmb_15_5.py : 11.79323697090149
pmb_20_1.py : 12.839209794998169
pmb_20_10.py : 11.321897506713867
pmb_20_15.py : 11.340808391571045
pmb_20_2.py : 11.823865413665771
pmb_20_20.py : 10.763153791427612
pmb_20_5.py : 11.281785488128662
pmb_2_1.py : 15.452583074569702
pmb_2_2.py : 15.747920513153076
pmb_50_1.py : 22.0095477104187
pmb_50_10.py : 12.144804000854492
pmb_50_15.py : 12.233118534088135
pmb_50_2.py : 16.21799349784851
pmb_50_20.py : 11.73550033569336
pmb_50_5.py : 12.962730407714844
pmb_5_1.py : 13.20387864112854
pmb_5_10.py : 15.183761596679688
pmb_5_15.py : 14.025779485702515
pmb_5_2.py : 13.012525081634521
pmb_5_20.py : 14.209604263305664
pmb_5_5.py : 15.284982919692993
