pycsou_dask.py : 29.489222049713135
pycsou_sparse.py : 19.718129873275757
pmb_10_1.py : 11.599188327789307
pmb_10_10.py : 10.892096757888794
pmb_10_15.py : 12.968825340270996
pmb_10_2.py : 11.298438310623169
pmb_10_20.py : 13.793176651000977
pmb_10_5.py : 11.248663663864136
pmb_15_1.py : 11.30598783493042
pmb_15_10.py : 11.316786527633667
pmb_15_15.py : 11.886320352554321
pmb_15_2.py : 11.306481838226318
pmb_15_20.py : 11.081403970718384
pmb_15_5.py : 11.011525392532349
pmb_20_1.py : 10.9893159866333
pmb_20_10.py : 10.615314960479736
pmb_20_15.py : 10.865766525268555
pmb_20_2.py : 11.198928356170654
pmb_20_20.py : 10.996973752975464
pmb_20_5.py : 10.789223909378052
pmb_2_1.py : 15.299088478088379
pmb_2_2.py : 15.77529501914978
pmb_50_1.py : 10.823539733886719
pmb_50_10.py : 9.897078275680542
pmb_50_15.py : 9.627622842788696
pmb_50_2.py : 10.28815484046936
pmb_50_20.py : 9.560282945632935
pmb_50_5.py : 9.766798734664917
pmb_5_1.py : 11.754554033279419
pmb_5_10.py : 12.162607908248901
pmb_5_15.py : 13.087062120437622
pmb_5_2.py : 11.485280513763428
pmb_5_20.py : 14.246120929718018
pmb_5_5.py : 12.441169261932373
pf_10_10.py : 9.455548524856567
pf_10_15.py : 11.070791006088257
pf_10_2.py : 6.4340434074401855
pf_10_20.py : 12.532933235168457
pf_10_5.py : 8.340029239654541
pf_15_10.py : 9.067390203475952
pf_15_15.py : 9.741756200790405
pf_15_2.py : 6.359304189682007
pf_15_20.py : 9.213702917098999
pf_15_5.py : 8.392988681793213
pf_20_10.py : 8.530020236968994
pf_20_15.py : 8.219297885894775
pf_20_2.py : 6.4162514209747314
pf_20_20.py : 9.696104288101196
pf_20_5.py : 7.641761779785156
pf_2_2.py : 14.092982769012451
pf_50_10.py : 7.00087308883667
pf_50_15.py : 7.432523250579834
pf_50_2.py : 6.329266548156738
pf_50_20.py : 7.6715521812438965
pf_50_5.py : 6.701384544372559
pf_5_10.py : 10.094688415527344
pf_5_15.py : 10.634447574615479
pf_5_2.py : 6.524515390396118
pf_5_20.py : 12.439563989639282
pf_5_5.py : 9.11440372467041
