pycsou_dask.py : 29.20810294151306
pycsou_sparse.py : 17.809603214263916
pmb_10_1.py : 13.010612487792969
pmb_10_10.py : 13.197519779205322
pmb_10_15.py : 11.74608302116394
pmb_10_2.py : 11.461247682571411
pmb_10_20.py : 11.474706172943115
pmb_10_5.py : 11.355793237686157
pmb_15_1.py : 12.71929669380188
pmb_15_10.py : 11.564545631408691
pmb_15_15.py : 11.36967158317566
pmb_15_2.py : 11.764516592025757
pmb_15_20.py : 11.184433221817017
pmb_15_5.py : 11.317750692367554
pmb_20_1.py : 13.575854539871216
pmb_20_10.py : 11.416264295578003
pmb_20_15.py : 11.076485872268677
pmb_20_2.py : 12.099394083023071
pmb_20_20.py : 11.425126791000366
pmb_20_5.py : 11.409563064575195
pmb_2_1.py : 17.558945894241333
pmb_2_2.py : 15.761249542236328
pmb_50_1.py : 28.82668399810791
pmb_50_10.py : 13.061752319335938
pmb_50_15.py : 12.574198007583618
pmb_50_2.py : 19.44554042816162
pmb_50_20.py : 12.289174556732178
pmb_50_5.py : 14.514012098312378
pmb_5_1.py : 12.53572416305542
pmb_5_10.py : 13.139520645141602
pmb_5_15.py : 13.134505987167358
pmb_5_2.py : 12.803220748901367
pmb_5_20.py : 16.016042947769165
pmb_5_5.py : 12.380116939544678
