pycsou_dask.py : 29.140111684799194
pycsou_sparse.py : 14.260093212127686
pmb_10_1.py : 11.774761199951172
pmb_10_10.py : 11.127447128295898
pmb_10_15.py : 11.779785871505737
pmb_10_2.py : 11.705569505691528
pmb_10_20.py : 11.788813352584839
pmb_10_5.py : 11.769793510437012
pmb_15_1.py : 11.821741819381714
pmb_15_10.py : 11.30937671661377
pmb_15_15.py : 10.535324096679688
pmb_15_2.py : 11.506446838378906
pmb_15_20.py : 11.244261503219604
pmb_15_5.py : 11.08304738998413
pmb_20_1.py : 12.087024927139282
pmb_20_10.py : 10.496968507766724
pmb_20_15.py : 10.577447891235352
pmb_20_2.py : 11.131761074066162
pmb_20_20.py : 10.245325326919556
pmb_20_5.py : 10.623653888702393
pmb_2_1.py : 15.14080262184143
pmb_2_2.py : 15.644456624984741
pmb_50_1.py : 21.417731523513794
pmb_50_10.py : 11.540474653244019
pmb_50_15.py : 11.29269552230835
pmb_50_2.py : 15.496046543121338
pmb_50_20.py : 11.041292190551758
pmb_50_5.py : 12.712986946105957
pmb_5_1.py : 12.786498069763184
pmb_5_10.py : 14.067761898040771
pmb_5_15.py : 13.041393756866455
pmb_5_2.py : 12.35105848312378
pmb_5_20.py : 13.963551998138428
pmb_5_5.py : 14.279750108718872
pycsou_dask.py : 29.125250339508057
pycsou_sparse.py : 14.299054861068726
pmb_10_1.py : 11.7837233543396
pmb_10_10.py : 11.251961469650269
pmb_10_15.py : 11.75219988822937
pmb_10_2.py : 11.38787031173706
pmb_10_20.py : 11.342998743057251
pmb_10_5.py : 11.356049299240112
pmb_15_1.py : 11.834635972976685
pmb_15_10.py : 11.211400747299194
pmb_15_15.py : 10.557051181793213
pmb_15_2.py : 11.337337493896484
pmb_15_20.py : 11.265252113342285
pmb_15_5.py : 10.935507774353027
pmb_20_1.py : 12.17281723022461
pmb_20_10.py : 10.494578838348389
pmb_20_15.py : 10.550552129745483
pmb_20_2.py : 11.096873760223389
pmb_20_20.py : 10.464108943939209
pmb_20_5.py : 10.672220468521118
pmb_2_1.py : 16.44391179084778
pmb_2_2.py : 18.93994665145874
pmb_50_1.py : 21.410243272781372
pmb_50_10.py : 11.462923288345337
pmb_50_15.py : 11.405065774917603
pmb_50_2.py : 15.626420497894287
pmb_50_20.py : 11.15589714050293
pmb_50_5.py : 12.473173379898071
pmb_5_1.py : 12.322733163833618
pmb_5_10.py : 12.557708263397217
pmb_5_15.py : 13.259761571884155
pmb_5_2.py : 12.553414344787598
pmb_5_20.py : 13.210933923721313
pmb_5_5.py : 13.648435115814209
