pycsou_dask.py : 201.14211678504944
pycsou_sparse.py : 
pmb_10_1.py : 51.03856039047241
pmb_10_10.py : 51.49702215194702
pmb_10_15.py : 53.850897789001465
pmb_10_2.py : 48.03156757354736
pmb_10_20.py : 56.37325310707092
pmb_10_5.py : 48.31833052635193
pmb_15_1.py : 45.57480764389038
pmb_15_10.py : 48.14114427566528
pmb_15_15.py : 48.28325605392456
pmb_15_2.py : 45.67171287536621
pmb_15_20.py : 48.88590216636658
pmb_15_5.py : 47.210047483444214
pmb_20_1.py : 44.2894868850708
pmb_20_10.py : 45.94074249267578
pmb_20_15.py : 45.20186257362366
pmb_20_2.py : 45.0189733505249
pmb_20_20.py : 51.072015047073364
pmb_20_5.py : 44.834983348846436
pmb_2_1.py : 61.90467166900635
pmb_2_2.py : 80.36395359039307
pmb_50_1.py : 48.17937636375427
pmb_50_10.py : 43.50423312187195
pmb_50_15.py : 43.955615520477295
pmb_50_2.py : 45.07897138595581
pmb_50_20.py : 43.93247437477112
pmb_50_5.py : 43.80414628982544
pmb_5_1.py : 51.83187532424927
pmb_5_10.py : 76.40338659286499
pmb_5_15.py : 74.32973599433899
pmb_5_2.py : 56.43266201019287
pmb_5_20.py : 107.26801943778992
pmb_5_5.py : 60.5944938659668
pf_10_10.py : 46.721673011779785
pf_10_15.py : 47.10179281234741
pf_10_2.py : 33.95712232589722
pf_10_20.py : 54.518139362335205
pf_10_5.py : 42.26459002494812
pf_15_10.py : 37.01411843299866
pf_15_15.py : 45.33043575286865
pf_15_2.py : 26.842662572860718
pf_15_20.py : 41.56431174278259
pf_15_5.py : 34.162195682525635
pf_20_10.py : 40.61475133895874
pf_20_15.py : 40.999982833862305
pf_20_2.py : 28.226741075515747
pf_20_20.py : 42.61655402183533
pf_20_5.py : 36.98059630393982
pf_2_2.py : 75.95987510681152
pf_50_10.py : 29.96764349937439
pf_50_15.py : 29.776254415512085
pf_50_2.py : 30.05509877204895
pf_50_20.py : 36.8585638999939
pf_50_5.py : 28.105291604995728
pf_5_10.py : 69.27637243270874
pf_5_15.py : 69.60251760482788
pf_5_2.py : 35.82830238342285
pf_5_20.py : 99.6272304058075
pf_5_5.py : 54.37553262710571
