pycsou_dask.py : 30.367865800857544
pycsou_sparse.py : 87.24455451965332
pmb_10_1.py : 13.8359055519104
pmb_10_10.py : 15.494558811187744
pmb_10_15.py : 15.88171672821045
pmb_10_2.py : 13.976084232330322
pmb_10_20.py : 17.128345727920532
pmb_10_5.py : 13.733810424804688
pmb_15_1.py : 14.957879304885864
pmb_15_10.py : 14.29531216621399
pmb_15_15.py : 14.486822366714478
pmb_15_2.py : 13.843159914016724
pmb_15_20.py : 17.101871252059937
pmb_15_5.py : 14.159965515136719
pmb_20_1.py : 14.198683023452759
pmb_20_10.py : 13.635154008865356
pmb_20_15.py : 14.36469292640686
pmb_20_2.py : 13.939349889755249
pmb_20_20.py : 15.890066623687744
pmb_20_5.py : 14.064316272735596
pmb_2_1.py : 16.6645188331604
pmb_2_2.py : 18.015627145767212
pmb_50_1.py : 15.480717420578003
pmb_50_10.py : 12.832217454910278
pmb_50_15.py : 12.86309552192688
pmb_50_2.py : 14.192411661148071
pmb_50_20.py : 13.489359140396118
pmb_50_5.py : 12.960850954055786
pmb_5_1.py : 14.242361068725586
pmb_5_10.py : 14.806288480758667
pmb_5_15.py : 22.94951581954956
pmb_5_2.py : 14.617961645126343
pmb_5_20.py : 21.63481616973877
pmb_5_5.py : 15.260547637939453
