pycsou_dask.py : 28.58513069152832
pycsou_sparse.py : 19.31803035736084
pmb_10_1.py : 11.549826622009277
pmb_10_10.py : 10.980538129806519
pmb_10_15.py : 11.160923957824707
pmb_10_2.py : 11.218902587890625
pmb_10_20.py : 11.574410200119019
pmb_10_5.py : 11.45620059967041
pmb_15_1.py : 11.039259672164917
pmb_15_10.py : 10.52944564819336
pmb_15_15.py : 10.208046913146973
pmb_15_2.py : 10.62794017791748
pmb_15_20.py : 11.040231466293335
pmb_15_5.py : 10.531883478164673
pmb_20_1.py : 10.785378694534302
pmb_20_10.py : 10.382482767105103
pmb_20_15.py : 10.326563835144043
pmb_20_2.py : 10.533349514007568
pmb_20_20.py : 10.397899389266968
pmb_20_5.py : 10.571290731430054
pmb_2_1.py : 16.10016393661499
pmb_2_2.py : 21.498923778533936
pmb_50_1.py : 11.000537633895874
pmb_50_10.py : 9.71091604232788
pmb_50_15.py : 9.574187517166138
pmb_50_2.py : 10.295064687728882
pmb_50_20.py : 9.484975099563599
pmb_50_5.py : 9.846858501434326
pmb_5_1.py : 12.851362943649292
pmb_5_10.py : 13.440146923065186
pmb_5_15.py : 14.078540086746216
pmb_5_2.py : 12.349387407302856
pmb_5_20.py : 15.32162356376648
pmb_5_5.py : 13.238860368728638
