pycsou_dask.py : 6.1614415645599365
pycsou_sparse.py : 19.68483829498291
pmb_10_1.py : 3.3894779682159424
pmb_10_10.py : 3.388505697250366
pmb_10_15.py : 3.2601945400238037
pmb_10_2.py : 3.2309162616729736
pmb_10_20.py : 3.3540971279144287
pmb_10_5.py : 3.119018316268921
pmb_15_1.py : 4.710725545883179
pmb_15_10.py : 3.2562108039855957
pmb_15_15.py : 3.3554153442382812
pmb_15_2.py : 3.8037190437316895
pmb_15_20.py : 3.3127448558807373
pmb_15_5.py : 3.4382283687591553
pmb_20_1.py : 8.934767484664917
pmb_20_10.py : 3.8858699798583984
pmb_20_15.py : 3.750708818435669
pmb_20_2.py : 5.874291181564331
pmb_20_20.py : 3.687826633453369
pmb_20_5.py : 4.537467956542969
pmb_2_1.py : 4.692253112792969
pmb_2_2.py : 5.359578847885132
pmb_50_1.py : 304.6466557979584
pmb_50_10.py : 39.08069038391113
pmb_50_15.py : 30.84996795654297
pmb_50_2.py : 149.25247430801392
pmb_50_20.py : 26.5024471282959
pmb_50_5.py : 65.23055648803711
pmb_5_1.py : 3.646357774734497
pmb_5_10.py : 4.0119640827178955
pmb_5_15.py : 4.2930333614349365
pmb_5_2.py : 3.6660678386688232
pmb_5_20.py : 5.331698894500732
pmb_5_5.py : 3.905705451965332
