pycsou_dask.py : 27.949914693832397
pycsou_sparse.py : 12.220677137374878
pmb_10_1.py : 11.187177419662476
pmb_10_10.py : 10.753326177597046
pmb_10_15.py : 11.177340030670166
pmb_10_2.py : 11.22692584991455
pmb_10_20.py : 11.766004085540771
pmb_10_5.py : 11.110353469848633
pmb_15_1.py : 10.510727643966675
pmb_15_10.py : 9.921789407730103
pmb_15_15.py : 9.58446192741394
pmb_15_2.py : 9.954690217971802
pmb_15_20.py : 10.122675657272339
pmb_15_5.py : 9.751409769058228
pmb_20_1.py : 10.021023750305176
pmb_20_10.py : 9.198451280593872
pmb_20_15.py : 9.513024806976318
pmb_20_2.py : 9.563740491867065
pmb_20_20.py : 8.722454309463501
pmb_20_5.py : 9.106838464736938
pmb_2_1.py : 15.920883178710938
pmb_2_2.py : 18.85682702064514
pmb_50_1.py : 11.78088927268982
pmb_50_10.py : 9.054887533187866
pmb_50_15.py : 9.051367044448853
pmb_50_2.py : 10.363989114761353
pmb_50_20.py : 9.082972288131714
pmb_50_5.py : 9.51155686378479
pmb_5_1.py : 12.344533920288086
pmb_5_10.py : 12.677536725997925
pmb_5_15.py : 13.908362627029419
pmb_5_2.py : 12.099461317062378
pmb_5_20.py : 14.471771001815796
pmb_5_5.py : 13.170943975448608
pf_10_10.py : 8.938117980957031
pf_10_15.py : 8.58732533454895
pf_10_2.py : 6.076996326446533
pf_10_20.py : 10.277523040771484
pf_10_5.py : 8.260993003845215
pf_15_10.py : 8.689737319946289
pf_15_15.py : 7.905810356140137
pf_15_2.py : 5.513466835021973
pf_15_20.py : 7.527425050735474
pf_15_5.py : 6.66131067276001
pf_20_10.py : 6.555984020233154
pf_20_15.py : 6.639058589935303
pf_20_2.py : 5.545400381088257
pf_20_20.py : 6.725593328475952
pf_20_5.py : 6.227729082107544
pf_2_2.py : 13.898051977157593
pf_50_10.py : 6.609817981719971
pf_50_15.py : 6.622605800628662
pf_50_2.py : 7.333571195602417
pf_50_20.py : 6.670003890991211
pf_50_5.py : 6.997271299362183
pf_5_10.py : 11.255029201507568
pf_5_15.py : 11.670054912567139
pf_5_2.py : 7.182705402374268
pf_5_20.py : 13.580581188201904
pf_5_5.py : 10.469176292419434
