pycsou_dask.py : 30.448741912841797
pycsou_sparse.py : 29.993897438049316
pmb_10_1.py : 12.898265361785889
pmb_10_10.py : 14.375465631484985
pmb_10_15.py : 14.78419280052185
pmb_10_2.py : 13.563110589981079
pmb_10_20.py : 16.887733459472656
pmb_10_5.py : 13.583887338638306
pmb_15_1.py : 13.251450777053833
pmb_15_10.py : 13.925118684768677
pmb_15_15.py : 14.16980242729187
pmb_15_2.py : 13.154218673706055
pmb_15_20.py : 14.934009790420532
pmb_15_5.py : 13.488710880279541
pmb_20_1.py : 13.009782075881958
pmb_20_10.py : 13.68445634841919
pmb_20_15.py : 13.424885749816895
pmb_20_2.py : 12.842721700668335
pmb_20_20.py : 14.219338655471802
pmb_20_5.py : 12.555109739303589
pmb_2_1.py : 16.896836280822754
pmb_2_2.py : 18.534663200378418
pmb_50_1.py : 14.862920999526978
pmb_50_10.py : 11.78019905090332
pmb_50_15.py : 12.156437158584595
pmb_50_2.py : 13.144366264343262
pmb_50_20.py : 11.770633459091187
pmb_50_5.py : 12.355207443237305
pmb_5_1.py : 13.042873620986938
pmb_5_10.py : 14.219402551651001
pmb_5_15.py : 20.33100986480713
pmb_5_2.py : 13.042834997177124
pmb_5_20.py : 20.6566162109375
pmb_5_5.py : 15.876479387283325
