pycsou_dask.py : 29.441734552383423
pycsou_sparse.py : 38.67590618133545
pmb_10_1.py : 13.804758548736572
pmb_10_10.py : 13.686912775039673
pmb_10_15.py : 13.645180225372314
pmb_10_2.py : 13.758846521377563
pmb_10_20.py : 16.467819452285767
pmb_10_5.py : 13.839505195617676
pmb_15_1.py : 13.717196941375732
pmb_15_10.py : 12.996247291564941
pmb_15_15.py : 13.295221090316772
pmb_15_2.py : 13.005406379699707
pmb_15_20.py : 12.791553020477295
pmb_15_5.py : 13.067635297775269
pmb_20_1.py : 13.649662256240845
pmb_20_10.py : 13.612093448638916
pmb_20_15.py : 13.12322473526001
pmb_20_2.py : 13.597097873687744
pmb_20_20.py : 14.172465085983276
pmb_20_5.py : 13.240867137908936
pmb_2_1.py : 17.54752779006958
pmb_2_2.py : 19.87591791152954
pmb_50_1.py : 14.630271196365356
pmb_50_10.py : 12.094451904296875
pmb_50_15.py : 11.96511435508728
pmb_50_2.py : 13.133243560791016
pmb_50_20.py : 11.738786935806274
pmb_50_5.py : 12.255876302719116
pmb_5_1.py : 13.26454496383667
pmb_5_10.py : 16.468369245529175
pmb_5_15.py : 17.708208084106445
pmb_5_2.py : 13.635364770889282
pmb_5_20.py : 20.579378366470337
pmb_5_5.py : 13.557551145553589
