pycsou_dask.py : 28.0524799823761
pycsou_sparse.py : 16.893460512161255
pmb_10_1.py : 11.460355281829834
pmb_10_10.py : 12.84507703781128
pmb_10_15.py : 10.931533098220825
pmb_10_2.py : 11.638662099838257
pmb_10_20.py : 13.79022741317749
pmb_10_5.py : 12.497847557067871
pmb_15_1.py : 10.49122953414917
pmb_15_10.py : 10.094123363494873
pmb_15_15.py : 9.765738725662231
pmb_15_2.py : 10.16269588470459
pmb_15_20.py : 10.246111154556274
pmb_15_5.py : 10.206443548202515
pmb_20_1.py : 10.376191139221191
pmb_20_10.py : 9.809846878051758
pmb_20_15.py : 9.847876071929932
pmb_20_2.py : 9.929504156112671
pmb_20_20.py : 9.617182493209839
pmb_20_5.py : 10.059653043746948
pmb_2_1.py : 18.231876611709595
pmb_2_2.py : 16.70768976211548
pmb_50_1.py : 11.170469760894775
pmb_50_10.py : 9.569106101989746
pmb_50_15.py : 9.456742763519287
pmb_50_2.py : 10.343073606491089
pmb_50_20.py : 9.52657437324524
pmb_50_5.py : 9.790114402770996
pmb_5_1.py : 13.250319004058838
pmb_5_10.py : 12.774745225906372
pmb_5_15.py : 14.54049038887024
pmb_5_2.py : 12.354768753051758
pmb_5_20.py : 14.626478433609009
pmb_5_5.py : 13.970546007156372
pf_10_10.py : 10.50590991973877
pf_10_15.py : 9.985246896743774
pf_10_2.py : 6.408662557601929
pf_10_20.py : 11.943017959594727
pf_10_5.py : 8.212982654571533
pf_15_10.py : 7.6140522956848145
pf_15_15.py : 7.448678255081177
pf_15_2.py : 5.720151901245117
pf_15_20.py : 8.232277393341064
pf_15_5.py : 6.889649152755737
pf_20_10.py : 6.974211692810059
pf_20_15.py : 7.285961151123047
pf_20_2.py : 5.480345964431763
pf_20_20.py : 7.432934522628784
pf_20_5.py : 7.09418249130249
pf_2_2.py : 13.500357866287231
pf_50_10.py : 6.919933795928955
pf_50_15.py : 7.014540433883667
pf_50_2.py : 6.471872329711914
pf_50_20.py : 7.098613739013672
pf_50_5.py : 6.599863529205322
pf_5_10.py : 10.358891248703003
pf_5_15.py : 12.053591012954712
pf_5_2.py : 7.475325584411621
pf_5_20.py : 12.879481315612793
pf_5_5.py : 12.612639665603638
