pycsou_dask.py : 28.515319108963013
pycsou_sparse.py : 10.280660629272461
pmb_10_1.py : 10.961763381958008
pmb_10_10.py : 10.876025199890137
pmb_10_15.py : 11.304333686828613
pmb_10_2.py : 10.894149780273438
pmb_10_20.py : 11.456546306610107
pmb_10_5.py : 10.81529712677002
pmb_15_1.py : 9.536401510238647
pmb_15_10.py : 9.396048545837402
pmb_15_15.py : 8.769592523574829
pmb_15_2.py : 9.614357471466064
pmb_15_20.py : 9.64494514465332
pmb_15_5.py : 9.615871906280518
pmb_20_1.py : 9.671719074249268
pmb_20_10.py : 8.85292673110962
pmb_20_15.py : 9.0333890914917
pmb_20_2.py : 9.405799150466919
pmb_20_20.py : 8.719266414642334
pmb_20_5.py : 9.136635065078735
pmb_2_1.py : 15.7604238986969
pmb_2_2.py : 15.35448145866394
pmb_50_1.py : 10.976515531539917
pmb_50_10.py : 8.873050689697266
pmb_50_15.py : 8.769072771072388
pmb_50_2.py : 9.763692855834961
pmb_50_20.py : 8.8759183883667
pmb_50_5.py : 9.031670093536377
pmb_5_1.py : 12.116159200668335
pmb_5_10.py : 12.787979364395142
pmb_5_15.py : 13.146627426147461
pmb_5_2.py : 11.743193864822388
pmb_5_20.py : 14.192169904708862
pmb_5_5.py : 12.704008340835571
