pycsou_dask.py : 28.2233624458313
pycsou_sparse.py : 14.947207927703857
pmb_10_1.py : 11.082624912261963
pmb_10_10.py : 10.435802936553955
pmb_10_15.py : 10.722768068313599
pmb_10_2.py : 10.828783512115479
pmb_10_20.py : 12.036906719207764
pmb_10_5.py : 10.735004425048828
pmb_15_1.py : 10.734392642974854
pmb_15_10.py : 10.317805528640747
pmb_15_15.py : 10.144901990890503
pmb_15_2.py : 10.610012531280518
pmb_15_20.py : 10.681980848312378
pmb_15_5.py : 10.472219467163086
pmb_20_1.py : 10.775925159454346
pmb_20_10.py : 10.077985048294067
pmb_20_15.py : 10.524194240570068
pmb_20_2.py : 10.26372504234314
pmb_20_20.py : 9.612641334533691
pmb_20_5.py : 9.94206690788269
pmb_2_1.py : 15.122116327285767
pmb_2_2.py : 19.457099676132202
pmb_50_1.py : 10.614090204238892
pmb_50_10.py : 9.472553491592407
pmb_50_15.py : 9.240561485290527
pmb_50_2.py : 9.992891550064087
pmb_50_20.py : 9.172363042831421
pmb_50_5.py : 9.568254232406616
pmb_5_1.py : 12.080373287200928
pmb_5_10.py : 11.25850248336792
pmb_5_15.py : 12.804087400436401
pmb_5_2.py : 11.890140295028687
pmb_5_20.py : 12.891347169876099
pmb_5_5.py : 13.3145170211792
pf_10_10.py : 8.83929705619812
pf_10_15.py : 9.63032603263855
pf_10_2.py : 6.10756254196167
pf_10_20.py : 10.580706119537354
pf_10_5.py : 7.903439044952393
pf_15_10.py : 7.6933417320251465
pf_15_15.py : 8.527040004730225
pf_15_2.py : 5.848190784454346
pf_15_20.py : 7.994157314300537
pf_15_5.py : 7.361799955368042
pf_20_10.py : 7.536308526992798
pf_20_15.py : 7.371600151062012
pf_20_2.py : 5.965667486190796
pf_20_20.py : 7.879504203796387
pf_20_5.py : 6.801696062088013
pf_2_2.py : 13.597240209579468
pf_50_10.py : 6.656403064727783
pf_50_15.py : 6.848941087722778
pf_50_2.py : 5.832840204238892
pf_50_20.py : 6.8381829261779785
pf_50_5.py : 6.475702524185181
pf_5_10.py : 9.786228656768799
pf_5_15.py : 11.393364191055298
pf_5_2.py : 7.230677843093872
pf_5_20.py : 11.083958148956299
pf_5_5.py : 12.039780139923096
