pycsou_dask.py : 28.116637229919434
pycsou_sparse.py : 11.923880338668823
pmb_10_1.py : 10.761706590652466
pmb_10_10.py : 10.345788478851318
pmb_10_15.py : 10.96370816230774
pmb_10_2.py : 10.350546836853027
pmb_10_20.py : 10.714493036270142
pmb_10_5.py : 10.553207159042358
pmb_15_1.py : 10.145850658416748
pmb_15_10.py : 9.536987066268921
pmb_15_15.py : 9.15654730796814
pmb_15_2.py : 9.775631189346313
pmb_15_20.py : 10.658759593963623
pmb_15_5.py : 9.58361554145813
pmb_20_1.py : 9.917539119720459
pmb_20_10.py : 9.486036539077759
pmb_20_15.py : 9.278815507888794
pmb_20_2.py : 9.639112710952759
pmb_20_20.py : 9.498261451721191
pmb_20_5.py : 9.79384183883667
pmb_2_1.py : 15.857811212539673
pmb_2_2.py : 14.911250352859497
pmb_50_1.py : 10.29297137260437
pmb_50_10.py : 8.873984336853027
pmb_50_15.py : 8.828120946884155
pmb_50_2.py : 9.606359481811523
pmb_50_20.py : 8.806518793106079
pmb_50_5.py : 9.175622940063477
pmb_5_1.py : 11.731756925582886
pmb_5_10.py : 11.25424575805664
pmb_5_15.py : 13.396918535232544
pmb_5_2.py : 11.22686767578125
pmb_5_20.py : 13.988590478897095
pmb_5_5.py : 12.541451454162598
pf_10_10.py : 7.974622964859009
pf_10_15.py : 8.595942974090576
pf_10_2.py : 5.426431655883789
pf_10_20.py : 8.865580797195435
pf_10_5.py : 7.131071329116821
pf_15_10.py : 6.95328688621521
pf_15_15.py : 7.481120347976685
pf_15_2.py : 5.220737934112549
pf_15_20.py : 7.635306358337402
pf_15_5.py : 6.6850035190582275
pf_20_10.py : 6.619095325469971
pf_20_15.py : 6.708988666534424
pf_20_2.py : 5.136752128601074
pf_20_20.py : 7.209311485290527
pf_20_5.py : 6.340949058532715
pf_2_2.py : 13.906144142150879
pf_50_10.py : 6.242688894271851
pf_50_15.py : 6.358011960983276
pf_50_2.py : 5.921137571334839
pf_50_20.py : 6.510038137435913
pf_50_5.py : 6.06624960899353
pf_5_10.py : 10.699196815490723
pf_5_15.py : 10.721058368682861
pf_5_2.py : 6.684141635894775
pf_5_20.py : 12.746937274932861
pf_5_5.py : 9.098853349685669
