pycsou_dask.py : 6.191766977310181
pycsou_sparse.py : 10.251051902770996
pmb_10_1.py : 2.8384194374084473
pmb_10_10.py : 2.671769142150879
pmb_10_15.py : 2.800340414047241
pmb_10_2.py : 2.6432931423187256
pmb_10_20.py : 2.613370180130005
pmb_10_5.py : 2.5437347888946533
pmb_15_1.py : 4.16918158531189
pmb_15_10.py : 2.789057731628418
pmb_15_15.py : 2.7933688163757324
pmb_15_2.py : 3.3202109336853027
pmb_15_20.py : 2.734668254852295
pmb_15_5.py : 2.8802404403686523
pmb_20_1.py : 8.441432476043701
pmb_20_10.py : 3.3042972087860107
pmb_20_15.py : 3.2116858959198
pmb_20_2.py : 5.3543784618377686
pmb_20_20.py : 3.1910085678100586
pmb_20_5.py : 3.7527170181274414
pmb_2_1.py : 3.13203763961792
pmb_2_2.py : 3.549966335296631
pmb_50_1.py : 306.3605809211731
pmb_50_10.py : 38.80487275123596
pmb_50_15.py : 30.492541790008545
pmb_50_2.py : 149.43182945251465
pmb_50_20.py : 25.919999361038208
pmb_50_5.py : 64.74535393714905
pmb_5_1.py : 2.851001262664795
pmb_5_10.py : 3.125854969024658
pmb_5_15.py : 3.208780288696289
pmb_5_2.py : 2.957785129547119
pmb_5_20.py : 4.435281038284302
pmb_5_5.py : 2.9317798614501953
