pycsou_dask.py : 28.533900022506714
pycsou_sparse.py : 12.581573009490967
pmb_10_1.py : 10.933782815933228
pmb_10_10.py : 10.630467891693115
pmb_10_15.py : 11.157517910003662
pmb_10_2.py : 10.638536214828491
pmb_10_20.py : 11.121986150741577
pmb_10_5.py : 10.902047157287598
pmb_15_1.py : 10.409992933273315
pmb_15_10.py : 9.784493446350098
pmb_15_15.py : 9.373473167419434
pmb_15_2.py : 10.034798383712769
pmb_15_20.py : 10.185772180557251
pmb_15_5.py : 9.93058443069458
pmb_20_1.py : 10.052515268325806
pmb_20_10.py : 9.896500587463379
pmb_20_15.py : 9.639860153198242
pmb_20_2.py : 9.747030019760132
pmb_20_20.py : 9.261308431625366
pmb_20_5.py : 9.557305335998535
pmb_2_1.py : 14.645264387130737
pmb_2_2.py : 15.379966735839844
pmb_50_1.py : 10.4268639087677
pmb_50_10.py : 9.23644733428955
pmb_50_15.py : 9.155689477920532
pmb_50_2.py : 9.907459735870361
pmb_50_20.py : 9.29517126083374
pmb_50_5.py : 9.237237930297852
pmb_5_1.py : 11.895044565200806
pmb_5_10.py : 11.917947053909302
pmb_5_15.py : 12.395769357681274
pmb_5_2.py : 11.631731986999512
pmb_5_20.py : 14.250600576400757
pmb_5_5.py : 12.354063749313354
