pycsou_dask.py : 28.350549459457397
pycsou_sparse.py : 31.449889421463013
pmb_10_1.py : 12.395564317703247
pmb_10_10.py : 11.76897644996643
pmb_10_15.py : 14.313160181045532
pmb_10_2.py : 13.017239570617676
pmb_10_20.py : 16.987487316131592
pmb_10_5.py : 12.691436767578125
pmb_15_1.py : 12.397498369216919
pmb_15_10.py : 12.597990989685059
pmb_15_15.py : 13.530175924301147
pmb_15_2.py : 12.10431456565857
pmb_15_20.py : 12.131597757339478
pmb_15_5.py : 12.139563798904419
pmb_20_1.py : 11.895156621932983
pmb_20_10.py : 11.396266460418701
pmb_20_15.py : 11.549339771270752
pmb_20_2.py : 11.826314210891724
pmb_20_20.py : 11.38149881362915
pmb_20_5.py : 11.836109638214111
pmb_2_1.py : 15.531914710998535
pmb_2_2.py : 19.453458309173584
pmb_50_1.py : 11.492646217346191
pmb_50_10.py : 10.582104682922363
pmb_50_15.py : 10.330181360244751
pmb_50_2.py : 10.974638938903809
pmb_50_20.py : 10.25004768371582
pmb_50_5.py : 10.691612482070923
pmb_5_1.py : 12.604920387268066
pmb_5_10.py : 13.274858713150024
pmb_5_15.py : 13.252671718597412
pmb_5_2.py : 12.248392820358276
pmb_5_20.py : 15.06439208984375
pmb_5_5.py : 12.258611917495728
pf_10_10.py : 10.61706805229187
pf_10_15.py : 12.247693300247192
pf_10_2.py : 7.463129281997681
pf_10_20.py : 13.202033281326294
pf_10_5.py : 9.34057879447937
pf_15_10.py : 9.526733875274658
pf_15_15.py : 9.906026363372803
pf_15_2.py : 7.281168699264526
pf_15_20.py : 10.096756219863892
pf_15_5.py : 9.207733392715454
pf_20_10.py : 9.299901008605957
pf_20_15.py : 9.129113912582397
pf_20_2.py : 7.158557415008545
pf_20_20.py : 11.091713190078735
pf_20_5.py : 8.303936243057251
pf_2_2.py : 15.762606143951416
pf_50_10.py : 7.882970809936523
pf_50_15.py : 7.868802785873413
pf_50_2.py : 6.79858660697937
pf_50_20.py : 8.499651908874512
pf_50_5.py : 7.629349231719971
pf_5_10.py : 11.657102823257446
pf_5_15.py : 12.186464071273804
pf_5_2.py : 7.2951812744140625
pf_5_20.py : 13.794557809829712
pf_5_5.py : 10.25095248222351
