pycsou_dask.py : 29.449447631835938
pycsou_sparse.py : 23.55292296409607
pmb_10_1.py : 12.326846837997437
pmb_10_10.py : 13.102628231048584
pmb_10_15.py : 13.931553840637207
pmb_10_2.py : 12.353542804718018
pmb_10_20.py : 14.510315656661987
pmb_10_5.py : 12.564105749130249
pmb_15_1.py : 12.46911358833313
pmb_15_10.py : 12.100348949432373
pmb_15_15.py : 12.191593647003174
pmb_15_2.py : 12.4606454372406
pmb_15_20.py : 11.814903497695923
pmb_15_5.py : 11.920902013778687
pmb_20_1.py : 12.58851146697998
pmb_20_10.py : 12.626700162887573
pmb_20_15.py : 12.397800207138062
pmb_20_2.py : 12.180657863616943
pmb_20_20.py : 12.751002788543701
pmb_20_5.py : 12.22634220123291
pmb_2_1.py : 16.65471386909485
pmb_2_2.py : 19.758955478668213
pmb_50_1.py : 14.057004690170288
pmb_50_10.py : 11.37075138092041
pmb_50_15.py : 10.933186531066895
pmb_50_2.py : 12.337633848190308
pmb_50_20.py : 11.769577741622925
pmb_50_5.py : 11.92018723487854
pmb_5_1.py : 12.119397640228271
pmb_5_10.py : 14.40306305885315
pmb_5_15.py : 14.430922985076904
pmb_5_2.py : 14.149730205535889
pmb_5_20.py : 20.068209886550903
pmb_5_5.py : 12.3338041305542
