pycsou_dask.py : 27.682389974594116
pycsou_sparse.py : 
pmb_10_1.py : 15.665367126464844
pmb_10_10.py : 18.4533634185791
pmb_10_15.py : 22.25024652481079
pmb_10_2.py : 15.555504560470581
pmb_10_20.py : 24.300060987472534
pmb_10_5.py : 15.136855363845825
pmb_15_1.py : 15.521641492843628
pmb_15_10.py : 16.355260848999023
pmb_15_15.py : 18.601446390151978
pmb_15_2.py : 15.212384223937988
pmb_15_20.py : 17.33616042137146
pmb_15_5.py : 15.531411170959473
pmb_20_1.py : 15.362844467163086
pmb_20_10.py : 14.963587045669556
pmb_20_15.py : 17.444474458694458
pmb_20_2.py : 15.431869983673096
pmb_20_20.py : 21.270796537399292
pmb_20_5.py : 14.922383308410645
pmb_2_1.py : 15.334866523742676
pmb_2_2.py : 16.401012182235718
pmb_50_1.py : 15.471247434616089
pmb_50_10.py : 15.777382850646973
pmb_50_15.py : 14.830417156219482
pmb_50_2.py : 15.259172201156616
pmb_50_20.py : 16.898990154266357
pmb_50_5.py : 16.496435403823853
pmb_5_1.py : 15.275711059570312
pmb_5_10.py : 23.914220809936523
pmb_5_15.py : 23.691230058670044
pmb_5_2.py : 16.888879776000977
pmb_5_20.py : 23.83240294456482
pmb_5_5.py : 18.802016258239746
