pycsou_dask.py : 199.11699438095093
pycsou_sparse.py : 
pmb_10_1.py : 47.649168252944946
pmb_10_10.py : 51.752973556518555
pmb_10_15.py : 52.829222679138184
pmb_10_2.py : 47.792295932769775
pmb_10_20.py : 48.8064079284668
pmb_10_5.py : 49.75021576881409
pmb_15_1.py : 48.020599126815796
pmb_15_10.py : 47.23113965988159
pmb_15_15.py : 50.963069677352905
pmb_15_2.py : 50.97761297225952
pmb_15_20.py : 49.27692246437073
pmb_15_5.py : 47.29640007019043
pmb_20_1.py : 52.37240171432495
pmb_20_10.py : 46.90470242500305
pmb_20_15.py : 47.089303970336914
pmb_20_2.py : 48.25553321838379
pmb_20_20.py : 47.347042083740234
pmb_20_5.py : 46.71993279457092
pmb_2_1.py : 63.822547912597656
pmb_2_2.py : 79.31723976135254
pmb_50_1.py : 469.69343090057373
pmb_50_10.py : 104.80373668670654
pmb_50_15.py : 94.86670517921448
pmb_50_2.py : 262.9009516239166
pmb_50_20.py : 88.40085673332214
pmb_50_5.py : 148.5884165763855
pmb_5_1.py : 52.815901041030884
pmb_5_10.py : 72.73687934875488
pmb_5_15.py : 73.39693808555603
pmb_5_2.py : 54.1276319026947
pmb_5_20.py : 107.38149762153625
pmb_5_5.py : 55.13561797142029
