pycsou_dask.py : 28.515623569488525
pycsou_sparse.py : 17.16875672340393
pmb_10_1.py : 11.901129007339478
pmb_10_10.py : 12.722495794296265
pmb_10_15.py : 11.276074409484863
pmb_10_2.py : 11.82339334487915
pmb_10_20.py : 13.350998163223267
pmb_10_5.py : 13.451486349105835
pmb_15_1.py : 11.4989333152771
pmb_15_10.py : 11.682271003723145
pmb_15_15.py : 10.095226049423218
pmb_15_2.py : 10.333433866500854
pmb_15_20.py : 10.760536670684814
pmb_15_5.py : 10.392219543457031
pmb_20_1.py : 10.60452914237976
pmb_20_10.py : 10.221796035766602
pmb_20_15.py : 10.174251079559326
pmb_20_2.py : 10.1391282081604
pmb_20_20.py : 9.857179403305054
pmb_20_5.py : 10.133962154388428
pmb_2_1.py : 16.058620929718018
pmb_2_2.py : 15.1298987865448
pmb_50_1.py : 11.390965461730957
pmb_50_10.py : 9.679696321487427
pmb_50_15.py : 9.922871112823486
pmb_50_2.py : 10.541257858276367
pmb_50_20.py : 9.580275774002075
pmb_50_5.py : 10.05884337425232
pmb_5_1.py : 13.128854513168335
pmb_5_10.py : 13.469099760055542
pmb_5_15.py : 14.909559965133667
pmb_5_2.py : 12.68017840385437
pmb_5_20.py : 14.58203411102295
pmb_5_5.py : 15.24284315109253
