pycsou_dask.py : 27.948733806610107
pycsou_sparse.py : 13.512014865875244
pmb_10_1.py : 11.780988216400146
pmb_10_10.py : 11.929100036621094
pmb_10_15.py : 11.701411962509155
pmb_10_2.py : 13.041211366653442
pmb_10_20.py : 12.518513202667236
pmb_10_5.py : 11.777276754379272
pmb_15_1.py : 10.601654052734375
pmb_15_10.py : 10.275269031524658
pmb_15_15.py : 9.924615383148193
pmb_15_2.py : 10.183250904083252
pmb_15_20.py : 10.758176565170288
pmb_15_5.py : 9.97802996635437
pmb_20_1.py : 10.39576768875122
pmb_20_10.py : 9.486473798751831
pmb_20_15.py : 9.477068424224854
pmb_20_2.py : 9.874029159545898
pmb_20_20.py : 9.25170612335205
pmb_20_5.py : 9.587259769439697
pmb_2_1.py : 15.096431732177734
pmb_2_2.py : 14.800888776779175
pmb_50_1.py : 11.84097146987915
pmb_50_10.py : 9.652534246444702
pmb_50_15.py : 9.436854124069214
pmb_50_2.py : 10.582302808761597
pmb_50_20.py : 9.417963743209839
pmb_50_5.py : 9.804006814956665
pmb_5_1.py : 13.404528141021729
pmb_5_10.py : 13.534115314483643
pmb_5_15.py : 14.41792631149292
pmb_5_2.py : 12.337195873260498
pmb_5_20.py : 15.128933191299438
pmb_5_5.py : 12.383481502532959
pf_10_10.py : 9.36108660697937
pf_10_15.py : 9.42394757270813
pf_10_2.py : 6.746093034744263
pf_10_20.py : 11.852887153625488
pf_10_5.py : 8.129051446914673
pf_15_10.py : 7.682615756988525
pf_15_15.py : 8.464272737503052
pf_15_2.py : 5.687255382537842
pf_15_20.py : 8.010994672775269
pf_15_5.py : 6.944206476211548
pf_20_10.py : 6.9228856563568115
pf_20_15.py : 6.936433553695679
pf_20_2.py : 5.760568857192993
pf_20_20.py : 6.98831844329834
pf_20_5.py : 6.459515333175659
pf_2_2.py : 13.052361965179443
pf_50_10.py : 6.827948570251465
pf_50_15.py : 6.908987522125244
pf_50_2.py : 7.288553953170776
pf_50_20.py : 6.97776460647583
pf_50_5.py : 6.989269256591797
pf_5_10.py : 10.6917245388031
pf_5_15.py : 11.935322046279907
pf_5_2.py : 7.685557126998901
pf_5_20.py : 13.367355346679688
pf_5_5.py : 12.037658452987671
