pycsou_dask.py : 28.18692922592163
pycsou_sparse.py : 23.894288778305054
pmb_10_1.py : 12.02414608001709
pmb_10_10.py : 11.177936792373657
pmb_10_15.py : 11.43091082572937
pmb_10_2.py : 11.726595878601074
pmb_10_20.py : 12.596678018569946
pmb_10_5.py : 11.769329071044922
pmb_15_1.py : 11.52053165435791
pmb_15_10.py : 11.203281879425049
pmb_15_15.py : 10.983039855957031
pmb_15_2.py : 11.446587324142456
pmb_15_20.py : 11.260576248168945
pmb_15_5.py : 11.375232219696045
pmb_20_1.py : 11.728614091873169
pmb_20_10.py : 10.95296049118042
pmb_20_15.py : 10.750364780426025
pmb_20_2.py : 11.034167528152466
pmb_20_20.py : 10.546974897384644
pmb_20_5.py : 10.846105098724365
pmb_2_1.py : 15.259199857711792
pmb_2_2.py : 15.447047233581543
pmb_50_1.py : 11.287331342697144
pmb_50_10.py : 10.120611429214478
pmb_50_15.py : 9.903778076171875
pmb_50_2.py : 10.638165950775146
pmb_50_20.py : 9.898751497268677
pmb_50_5.py : 10.999141216278076
pmb_5_1.py : 13.99746823310852
pmb_5_10.py : 13.975597858428955
pmb_5_15.py : 13.71736216545105
pmb_5_2.py : 12.418458461761475
pmb_5_20.py : 13.807924509048462
pmb_5_5.py : 13.866085529327393
pf_10_10.py : 9.537311553955078
pf_10_15.py : 11.269410610198975
pf_10_2.py : 6.7331249713897705
pf_10_20.py : 12.151165962219238
pf_10_5.py : 8.42355751991272
pf_15_10.py : 8.84009861946106
pf_15_15.py : 9.544841527938843
pf_15_2.py : 6.58073091506958
pf_15_20.py : 9.073474407196045
pf_15_5.py : 8.040581703186035
pf_20_10.py : 8.146291494369507
pf_20_15.py : 8.202106475830078
pf_20_2.py : 6.45334005355835
pf_20_20.py : 9.131510496139526
pf_20_5.py : 7.716897964477539
pf_2_2.py : 13.8190016746521
pf_50_10.py : 7.369753360748291
pf_50_15.py : 7.376103401184082
pf_50_2.py : 6.316489934921265
pf_50_20.py : 7.419564962387085
pf_50_5.py : 6.889461040496826
pf_5_10.py : 11.033727884292603
pf_5_15.py : 12.368794918060303
pf_5_2.py : 7.817943096160889
pf_5_20.py : 12.147485494613647
pf_5_5.py : 13.227679014205933
