pycsou_dask.py : 29.125218152999878
pycsou_sparse.py : 15.000861883163452
pmb_10_1.py : 11.91546893119812
pmb_10_10.py : 11.502132415771484
pmb_10_15.py : 11.035942316055298
pmb_10_2.py : 11.748880624771118
pmb_10_20.py : 13.083503246307373
pmb_10_5.py : 11.386001348495483
pmb_15_1.py : 12.402667760848999
pmb_15_10.py : 11.498214960098267
pmb_15_15.py : 10.913627624511719
pmb_15_2.py : 11.679502964019775
pmb_15_20.py : 11.14187741279602
pmb_15_5.py : 11.351253032684326
pmb_20_1.py : 12.6988205909729
pmb_20_10.py : 10.951136350631714
pmb_20_15.py : 11.05129885673523
pmb_20_2.py : 11.677528858184814
pmb_20_20.py : 10.864162683486938
pmb_20_5.py : 11.470233917236328
pmb_2_1.py : 15.79373812675476
pmb_2_2.py : 16.419108867645264
pmb_50_1.py : 21.866500854492188
pmb_50_10.py : 11.88778281211853
pmb_50_15.py : 11.360337257385254
pmb_50_2.py : 15.836186170578003
pmb_50_20.py : 11.307283163070679
pmb_50_5.py : 12.769271850585938
pmb_5_1.py : 11.99451494216919
pmb_5_10.py : 11.664889097213745
pmb_5_15.py : 13.226385116577148
pmb_5_2.py : 11.920071840286255
pmb_5_20.py : 13.440335035324097
pmb_5_5.py : 14.078334093093872
