pycsou_dask.py : 27.65888285636902
pycsou_sparse.py : 38.27744460105896
pmb_10_1.py : 12.840894222259521
pmb_10_10.py : 16.846449613571167
pmb_10_15.py : 16.68369174003601
pmb_10_2.py : 13.239561080932617
pmb_10_20.py : 22.44896626472473
pmb_10_5.py : 13.990589141845703
pmb_15_1.py : 12.941340923309326
pmb_15_10.py : 15.346588850021362
pmb_15_15.py : 18.616893529891968
pmb_15_2.py : 12.478371381759644
pmb_15_20.py : 14.447792768478394
pmb_15_5.py : 14.05118203163147
pmb_20_1.py : 13.201704263687134
pmb_20_10.py : 13.774736166000366
pmb_20_15.py : 13.739824056625366
pmb_20_2.py : 13.766977787017822
pmb_20_20.py : 18.28167462348938
pmb_20_5.py : 13.166556358337402
pmb_2_1.py : 14.451724290847778
pmb_2_2.py : 18.382939100265503
pmb_50_1.py : 12.977719068527222
pmb_50_10.py : 13.087774753570557
pmb_50_15.py : 13.074909448623657
pmb_50_2.py : 12.934927463531494
pmb_50_20.py : 14.167240858078003
pmb_50_5.py : 13.043426275253296
pmb_5_1.py : 13.154037475585938
pmb_5_10.py : 20.892313241958618
pmb_5_15.py : 20.984090328216553
pmb_5_2.py : 14.644247055053711
pmb_5_20.py : 21.642399787902832
pmb_5_5.py : 16.484861612319946
pf_10_10.py : 13.988714694976807
pf_10_15.py : 14.495944738388062
pf_10_2.py : 9.262646675109863
pf_10_20.py : 20.79246497154236
pf_10_5.py : 10.71409797668457
pf_15_10.py : 12.24177074432373
pf_15_15.py : 14.01988434791565
pf_15_2.py : 8.802574157714844
pf_15_20.py : 12.22044563293457
pf_15_5.py : 10.295026540756226
pf_20_10.py : 10.798397541046143
pf_20_15.py : 11.241218566894531
pf_20_2.py : 8.991267919540405
pf_20_20.py : 14.297072649002075
pf_20_5.py : 9.958218097686768
pf_2_2.py : 13.352175951004028
pf_50_10.py : 10.34731411933899
pf_50_15.py : 10.253521919250488
pf_50_2.py : 8.646390438079834
pf_50_20.py : 11.357729434967041
pf_50_5.py : 9.491379737854004
pf_5_10.py : 20.972773790359497
pf_5_15.py : 21.551167964935303
pf_5_2.py : 10.555346012115479
pf_5_20.py : 19.740771055221558
pf_5_5.py : 13.258514642715454
