pycsou_dask.py : 28.008910179138184
pycsou_sparse.py : 9.726310729980469
pmb_10_1.py : 10.75443410873413
pmb_10_10.py : 10.811632871627808
pmb_10_15.py : 10.367410659790039
pmb_10_2.py : 10.796810388565063
pmb_10_20.py : 11.087807655334473
pmb_10_5.py : 11.132429122924805
pmb_15_1.py : 9.986610651016235
pmb_15_10.py : 9.534083127975464
pmb_15_15.py : 9.409876346588135
pmb_15_2.py : 9.667827844619751
pmb_15_20.py : 9.728984832763672
pmb_15_5.py : 9.35243821144104
pmb_20_1.py : 9.933743953704834
pmb_20_10.py : 8.89619255065918
pmb_20_15.py : 8.835519790649414
pmb_20_2.py : 9.218737602233887
pmb_20_20.py : 8.732758522033691
pmb_20_5.py : 9.019008874893188
pmb_2_1.py : 15.249017477035522
pmb_2_2.py : 14.486821174621582
pmb_50_1.py : 11.806847095489502
pmb_50_10.py : 8.896644592285156
pmb_50_15.py : 8.902048587799072
pmb_50_2.py : 9.934457778930664
pmb_50_20.py : 8.795220851898193
pmb_50_5.py : 9.239412546157837
pmb_5_1.py : 12.277376651763916
pmb_5_10.py : 12.368525981903076
pmb_5_15.py : 13.71672534942627
pmb_5_2.py : 11.727088928222656
pmb_5_20.py : 14.093019247055054
pmb_5_5.py : 12.109134197235107
pf_10_10.py : 8.10020923614502
pf_10_15.py : 8.661290168762207
pf_10_2.py : 5.801208734512329
pf_10_20.py : 11.038938522338867
pf_10_5.py : 7.428959846496582
pf_15_10.py : 7.098951816558838
pf_15_15.py : 7.820616722106934
pf_15_2.py : 5.22208046913147
pf_15_20.py : 7.195796251296997
pf_15_5.py : 6.494739055633545
pf_20_10.py : 6.358927249908447
pf_20_15.py : 6.306339502334595
pf_20_2.py : 5.557702541351318
pf_20_20.py : 6.4505720138549805
pf_20_5.py : 6.06358790397644
pf_2_2.py : 12.888491868972778
pf_50_10.py : 6.373094797134399
pf_50_15.py : 6.3947343826293945
pf_50_2.py : 6.987181186676025
pf_50_20.py : 6.693407297134399
pf_50_5.py : 6.5534539222717285
pf_5_10.py : 9.393242120742798
pf_5_15.py : 11.189269304275513
pf_5_2.py : 6.766082525253296
pf_5_20.py : 12.550574779510498
pf_5_5.py : 10.317740440368652
