pycsou_dask.py : 28.11126184463501
pycsou_sparse.py : 18.491031646728516
pmb_10_1.py : 11.246984004974365
pmb_10_10.py : 10.814297437667847
pmb_10_15.py : 11.281511306762695
pmb_10_2.py : 11.129390001296997
pmb_10_20.py : 11.511883020401001
pmb_10_5.py : 11.282218933105469
pmb_15_1.py : 10.873162984848022
pmb_15_10.py : 10.159151554107666
pmb_15_15.py : 10.07715892791748
pmb_15_2.py : 10.623773097991943
pmb_15_20.py : 10.7312912940979
pmb_15_5.py : 10.243680953979492
pmb_20_1.py : 10.508492469787598
pmb_20_10.py : 10.338030338287354
pmb_20_15.py : 10.677937507629395
pmb_20_2.py : 10.331971883773804
pmb_20_20.py : 10.00534987449646
pmb_20_5.py : 10.223249673843384
pmb_2_1.py : 18.128405570983887
pmb_2_2.py : 17.383772134780884
pmb_50_1.py : 10.90657901763916
pmb_50_10.py : 9.438898086547852
pmb_50_15.py : 9.528686046600342
pmb_50_2.py : 10.243634939193726
pmb_50_20.py : 9.320163011550903
pmb_50_5.py : 9.660601377487183
pmb_5_1.py : 12.193688869476318
pmb_5_10.py : 12.247706413269043
pmb_5_15.py : 13.315407514572144
pmb_5_2.py : 12.15717077255249
pmb_5_20.py : 14.852898120880127
pmb_5_5.py : 12.796381711959839
pf_10_10.py : 8.916133642196655
pf_10_15.py : 8.696427345275879
pf_10_2.py : 6.061066389083862
pf_10_20.py : 9.954105615615845
pf_10_5.py : 7.680287599563599
pf_15_10.py : 7.611318349838257
pf_15_15.py : 7.847650766372681
pf_15_2.py : 5.839423179626465
pf_15_20.py : 8.60610318183899
pf_15_5.py : 7.316604375839233
pf_20_10.py : 7.18569278717041
pf_20_15.py : 7.659122467041016
pf_20_2.py : 5.889152765274048
pf_20_20.py : 8.046379327774048
pf_20_5.py : 6.8059210777282715
pf_2_2.py : 13.519319295883179
pf_50_10.py : 6.855032205581665
pf_50_15.py : 6.95589542388916
pf_50_2.py : 6.307523965835571
pf_50_20.py : 7.179812431335449
pf_50_5.py : 6.620623588562012
pf_5_10.py : 11.378376483917236
pf_5_15.py : 12.061516046524048
pf_5_2.py : 7.0262451171875
pf_5_20.py : 13.25699782371521
pf_5_5.py : 10.434080839157104
