pycsou_dask.py : 28.62638783454895
pycsou_sparse.py : 24.778682470321655
pmb_10_1.py : 12.050723314285278
pmb_10_10.py : 11.537643671035767
pmb_10_15.py : 12.278116226196289
pmb_10_2.py : 12.14147162437439
pmb_10_20.py : 12.987282037734985
pmb_10_5.py : 12.551579713821411
pmb_15_1.py : 12.387576818466187
pmb_15_10.py : 12.954220294952393
pmb_15_15.py : 11.344086408615112
pmb_15_2.py : 11.653918504714966
pmb_15_20.py : 11.636184453964233
pmb_15_5.py : 11.429036378860474
pmb_20_1.py : 11.590975046157837
pmb_20_10.py : 11.036711692810059
pmb_20_15.py : 10.957859754562378
pmb_20_2.py : 11.417689085006714
pmb_20_20.py : 10.658908128738403
pmb_20_5.py : 11.119371891021729
pmb_2_1.py : 16.431145668029785
pmb_2_2.py : 15.7437162399292
pmb_50_1.py : 11.627962112426758
pmb_50_10.py : 9.982517957687378
pmb_50_15.py : 10.053577661514282
pmb_50_2.py : 10.78538465499878
pmb_50_20.py : 10.024271249771118
pmb_50_5.py : 10.280152797698975
pmb_5_1.py : 13.252634763717651
pmb_5_10.py : 13.509588241577148
pmb_5_15.py : 15.207242965698242
pmb_5_2.py : 12.760003566741943
pmb_5_20.py : 13.921881914138794
pmb_5_5.py : 13.116840600967407
