pycsou_dask.py : 27.206605434417725
pycsou_sparse.py : 37.16072201728821
pmb_10_1.py : 12.48781156539917
pmb_10_10.py : 16.515893697738647
pmb_10_15.py : 17.030692100524902
pmb_10_2.py : 12.674490451812744
pmb_10_20.py : 22.003371715545654
pmb_10_5.py : 13.56527304649353
pmb_15_1.py : 13.008390426635742
pmb_15_10.py : 16.061002492904663
pmb_15_15.py : 16.4653422832489
pmb_15_2.py : 12.456946611404419
pmb_15_20.py : 14.719878435134888
pmb_15_5.py : 12.832724332809448
pmb_20_1.py : 12.855932712554932
pmb_20_10.py : 14.233691453933716
pmb_20_15.py : 14.939314842224121
pmb_20_2.py : 12.874869108200073
pmb_20_20.py : 16.149901151657104
pmb_20_5.py : 13.288475751876831
pmb_2_1.py : 14.278013944625854
pmb_2_2.py : 21.369047164916992
pmb_50_1.py : 13.873116970062256
pmb_50_10.py : 12.692540645599365
pmb_50_15.py : 12.786771297454834
pmb_50_2.py : 12.723809480667114
pmb_50_20.py : 13.849258661270142
pmb_50_5.py : 12.851592779159546
pmb_5_1.py : 13.820828199386597
pmb_5_10.py : 22.718834161758423
pmb_5_15.py : 22.543882846832275
pmb_5_2.py : 13.49640679359436
pmb_5_20.py : 21.532824993133545
pmb_5_5.py : 16.781768560409546
