pycsou_dask.py : 29.142303466796875
pycsou_sparse.py : 24.704824209213257
pmb_10_1.py : 12.796267986297607
pmb_10_10.py : 12.496589183807373
pmb_10_15.py : 12.492894172668457
pmb_10_2.py : 12.545810222625732
pmb_10_20.py : 13.46182131767273
pmb_10_5.py : 12.657505512237549
pmb_15_1.py : 13.227943658828735
pmb_15_10.py : 12.172303438186646
pmb_15_15.py : 11.651024341583252
pmb_15_2.py : 13.086490392684937
pmb_15_20.py : 11.907605409622192
pmb_15_5.py : 11.993369579315186
pmb_20_1.py : 13.346757411956787
pmb_20_10.py : 11.721925497055054
pmb_20_15.py : 11.929510593414307
pmb_20_2.py : 12.426772594451904
pmb_20_20.py : 11.70506238937378
pmb_20_5.py : 12.806187868118286
pmb_2_1.py : 18.158530235290527
pmb_2_2.py : 16.457268714904785
pmb_50_1.py : 22.483441829681396
pmb_50_10.py : 12.486217498779297
pmb_50_15.py : 12.048096895217896
pmb_50_2.py : 16.492017030715942
pmb_50_20.py : 11.962276220321655
pmb_50_5.py : 13.354227542877197
pmb_5_1.py : 12.554789066314697
pmb_5_10.py : 13.20094919204712
pmb_5_15.py : 15.288629293441772
pmb_5_2.py : 12.825081586837769
pmb_5_20.py : 14.212789058685303
pmb_5_5.py : 13.377973079681396
