pycsou_dask.py : 28.484323501586914
pycsou_sparse.py : 14.551025867462158
pmb_10_1.py : 11.63049054145813
pmb_10_10.py : 11.348290205001831
pmb_10_15.py : 12.039706707000732
pmb_10_2.py : 11.592469692230225
pmb_10_20.py : 11.840466737747192
pmb_10_5.py : 11.586974143981934
pmb_15_1.py : 10.191471338272095
pmb_15_10.py : 9.943562269210815
pmb_15_15.py : 9.78524923324585
pmb_15_2.py : 10.066888809204102
pmb_15_20.py : 10.215440273284912
pmb_15_5.py : 10.017781019210815
pmb_20_1.py : 10.31480860710144
pmb_20_10.py : 9.966959953308105
pmb_20_15.py : 9.601357698440552
pmb_20_2.py : 9.956541299819946
pmb_20_20.py : 9.508713722229004
pmb_20_5.py : 9.834694147109985
pmb_2_1.py : 15.357485055923462
pmb_2_2.py : 15.344805002212524
pmb_50_1.py : 11.54352617263794
pmb_50_10.py : 9.524956941604614
pmb_50_15.py : 9.503753423690796
pmb_50_2.py : 10.485963821411133
pmb_50_20.py : 9.369709491729736
pmb_50_5.py : 9.814664840698242
pmb_5_1.py : 12.778528213500977
pmb_5_10.py : 13.81198787689209
pmb_5_15.py : 13.142844200134277
pmb_5_2.py : 12.545618057250977
pmb_5_20.py : 15.002180814743042
pmb_5_5.py : 13.126968145370483
