pycsou_dask.py : 29.195010900497437
pycsou_sparse.py : 27.869319915771484
pmb_10_1.py : 12.794379711151123
pmb_10_10.py : 13.398440599441528
pmb_10_15.py : 12.193508863449097
pmb_10_2.py : 12.440534353256226
pmb_10_20.py : 12.72775411605835
pmb_10_5.py : 12.532979488372803
pmb_15_1.py : 13.358009576797485
pmb_15_10.py : 12.079081296920776
pmb_15_15.py : 12.257311582565308
pmb_15_2.py : 12.788750410079956
pmb_15_20.py : 12.399886131286621
pmb_15_5.py : 12.123318910598755
pmb_20_1.py : 14.195199251174927
pmb_20_10.py : 11.704852819442749
pmb_20_15.py : 11.7237389087677
pmb_20_2.py : 13.108505964279175
pmb_20_20.py : 12.167654037475586
pmb_20_5.py : 12.083654165267944
pmb_2_1.py : 15.352598667144775
pmb_2_2.py : 19.76722264289856
pmb_50_1.py : 29.367961645126343
pmb_50_10.py : 13.623657941818237
pmb_50_15.py : 13.220637798309326
pmb_50_2.py : 20.182228326797485
pmb_50_20.py : 13.183319568634033
pmb_50_5.py : 15.184245109558105
pmb_5_1.py : 14.089856386184692
pmb_5_10.py : 15.001628160476685
pmb_5_15.py : 14.422842025756836
pmb_5_2.py : 13.587230205535889
pmb_5_20.py : 17.511440992355347
pmb_5_5.py : 13.285710334777832
