pycsou_dask.py : 202.11437797546387
pycsou_sparse.py : 
pmb_10_1.py : 51.983144998550415
pmb_10_10.py : 51.97113394737244
pmb_10_15.py : 53.72252559661865
pmb_10_2.py : 48.30950617790222
pmb_10_20.py : 56.53666162490845
pmb_10_5.py : 49.9686496257782
pmb_15_1.py : 45.86275887489319
pmb_15_10.py : 47.21815609931946
pmb_15_15.py : 49.95631957054138
pmb_15_2.py : 46.276548624038696
pmb_15_20.py : 49.04513716697693
pmb_15_5.py : 47.67630624771118
pmb_20_1.py : 45.00438165664673
pmb_20_10.py : 46.32444882392883
pmb_20_15.py : 45.557682514190674
pmb_20_2.py : 44.52046203613281
pmb_20_20.py : 46.909204959869385
pmb_20_5.py : 45.543275594711304
pmb_2_1.py : 65.29210162162781
pmb_2_2.py : 81.54471945762634
pmb_50_1.py : 48.50673246383667
pmb_50_10.py : 43.97583293914795
pmb_50_15.py : 44.201815128326416
pmb_50_2.py : 45.737051248550415
pmb_50_20.py : 44.274890661239624
pmb_50_5.py : 46.499940156936646
pmb_5_1.py : 55.08223223686218
pmb_5_10.py : 80.2482852935791
pmb_5_15.py : 74.82693028450012
pmb_5_2.py : 57.40808868408203
pmb_5_20.py : 109.80128693580627
pmb_5_5.py : 61.25743794441223
