pycsou_dask.py : 29.301857948303223
pycsou_sparse.py : 19.75662922859192
pmb_10_1.py : 11.904645204544067
pmb_10_10.py : 13.23428988456726
pmb_10_15.py : 13.204368591308594
pmb_10_2.py : 11.922682762145996
pmb_10_20.py : 14.006022214889526
pmb_10_5.py : 12.200821876525879
pmb_15_1.py : 12.079425811767578
pmb_15_10.py : 12.281245946884155
pmb_15_15.py : 12.286782264709473
pmb_15_2.py : 11.761967420578003
pmb_15_20.py : 11.750231742858887
pmb_15_5.py : 12.162425994873047
pmb_20_1.py : 12.966697216033936
pmb_20_10.py : 11.44230055809021
pmb_20_15.py : 11.628781080245972
pmb_20_2.py : 12.21537470817566
pmb_20_20.py : 11.142529487609863
pmb_20_5.py : 11.42781686782837
pmb_2_1.py : 16.150947332382202
pmb_2_2.py : 17.060385704040527
pmb_50_1.py : 17.02205514907837
pmb_50_10.py : 11.207599639892578
pmb_50_15.py : 11.20300030708313
pmb_50_2.py : 13.665458679199219
pmb_50_20.py : 11.12680459022522
pmb_50_5.py : 11.910314559936523
pmb_5_1.py : 12.201982975006104
pmb_5_10.py : 12.330069303512573
pmb_5_15.py : 13.367385625839233
pmb_5_2.py : 12.246517419815063
pmb_5_20.py : 16.259908199310303
pmb_5_5.py : 12.534145832061768
