pycsou_dask.py : 28.82310652732849
pycsou_sparse.py : 32.107216119766235
pmb_10_1.py : 12.55551266670227
pmb_10_10.py : 13.342140197753906
pmb_10_15.py : 13.982977390289307
pmb_10_2.py : 12.169711589813232
pmb_10_20.py : 15.509649276733398
pmb_10_5.py : 12.549288511276245
pmb_15_1.py : 12.439497709274292
pmb_15_10.py : 12.798780918121338
pmb_15_15.py : 12.999647617340088
pmb_15_2.py : 12.476736783981323
pmb_15_20.py : 12.858965396881104
pmb_15_5.py : 12.865092992782593
pmb_20_1.py : 12.262887001037598
pmb_20_10.py : 11.521960496902466
pmb_20_15.py : 12.366806983947754
pmb_20_2.py : 11.951447486877441
pmb_20_20.py : 11.678525924682617
pmb_20_5.py : 11.896923065185547
pmb_2_1.py : 15.687761783599854
pmb_2_2.py : 16.261208534240723
pmb_50_1.py : 11.744336605072021
pmb_50_10.py : 10.57828950881958
pmb_50_15.py : 10.906496524810791
pmb_50_2.py : 11.263702630996704
pmb_50_20.py : 10.64763331413269
pmb_50_5.py : 10.827289819717407
pmb_5_1.py : 12.623038053512573
pmb_5_10.py : 14.091086387634277
pmb_5_15.py : 14.23042345046997
pmb_5_2.py : 12.188944578170776
pmb_5_20.py : 15.3364098072052
pmb_5_5.py : 13.575230360031128
