pycsou_dask.py : 29.345103979110718
pycsou_sparse.py : 32.73358106613159
pmb_10_1.py : 12.880470514297485
pmb_10_10.py : 14.124710321426392
pmb_10_15.py : 13.921818971633911
pmb_10_2.py : 12.770553827285767
pmb_10_20.py : 15.838515996932983
pmb_10_5.py : 12.716915607452393
pmb_15_1.py : 13.270782709121704
pmb_15_10.py : 13.120811223983765
pmb_15_15.py : 13.984422445297241
pmb_15_2.py : 12.70217251777649
pmb_15_20.py : 12.68962550163269
pmb_15_5.py : 12.859955549240112
pmb_20_1.py : 14.026481628417969
pmb_20_10.py : 12.258483648300171
pmb_20_15.py : 12.399044275283813
pmb_20_2.py : 12.948015451431274
pmb_20_20.py : 13.202847957611084
pmb_20_5.py : 12.391538381576538
pmb_2_1.py : 16.85827660560608
pmb_2_2.py : 20.93718957901001
pmb_50_1.py : 17.56671667098999
pmb_50_10.py : 11.96163821220398
pmb_50_15.py : 11.941008806228638
pmb_50_2.py : 14.542147636413574
pmb_50_20.py : 11.8698890209198
pmb_50_5.py : 12.657676219940186
pmb_5_1.py : 13.30140733718872
pmb_5_10.py : 13.83281683921814
pmb_5_15.py : 14.351158857345581
pmb_5_2.py : 13.731155633926392
pmb_5_20.py : 15.044752359390259
pmb_5_5.py : 12.604371547698975
