pycsou_dask.py : 27.89723515510559
pycsou_sparse.py : 9.0007004737854
pmb_10_1.py : 10.6739661693573
pmb_10_10.py : 9.964364290237427
pmb_10_15.py : 10.485193729400635
pmb_10_2.py : 10.312653064727783
pmb_10_20.py : 11.158661842346191
pmb_10_5.py : 10.402746200561523
pmb_15_1.py : 9.64637804031372
pmb_15_10.py : 9.285853147506714
pmb_15_15.py : 9.011964082717896
pmb_15_2.py : 9.465638875961304
pmb_15_20.py : 9.562997817993164
pmb_15_5.py : 9.282310247421265
pmb_20_1.py : 9.422611474990845
pmb_20_10.py : 8.631799697875977
pmb_20_15.py : 8.589667558670044
pmb_20_2.py : 8.947734355926514
pmb_20_20.py : 8.313199520111084
pmb_20_5.py : 8.555082559585571
pmb_2_1.py : 15.84931492805481
pmb_2_2.py : 18.87022829055786
pmb_50_1.py : 11.14671277999878
pmb_50_10.py : 8.55306363105774
pmb_50_15.py : 8.522337436676025
pmb_50_2.py : 9.865288734436035
pmb_50_20.py : 8.774189472198486
pmb_50_5.py : 8.901522397994995
pmb_5_1.py : 11.62255597114563
pmb_5_10.py : 13.645966291427612
pmb_5_15.py : 12.280241966247559
pmb_5_2.py : 11.581791400909424
pmb_5_20.py : 14.121392488479614
pmb_5_5.py : 12.418412208557129
pf_10_10.py : 8.044638395309448
pf_10_15.py : 8.089035511016846
pf_10_2.py : 5.435780763626099
pf_10_20.py : 9.010876417160034
pf_10_5.py : 7.309009790420532
pf_15_10.py : 6.7899487018585205
pf_15_15.py : 7.008503675460815
pf_15_2.py : 4.985701322555542
pf_15_20.py : 6.849193096160889
pf_15_5.py : 5.934519290924072
pf_20_10.py : 6.139800071716309
pf_20_15.py : 6.012030363082886
pf_20_2.py : 5.25327730178833
pf_20_20.py : 6.230520963668823
pf_20_5.py : 5.7508864402771
pf_2_2.py : 13.734797954559326
pf_50_10.py : 6.10801362991333
pf_50_15.py : 5.914575099945068
pf_50_2.py : 6.875157117843628
pf_50_20.py : 6.079176187515259
pf_50_5.py : 6.687647581100464
pf_5_10.py : 10.18193507194519
pf_5_15.py : 11.040699481964111
pf_5_2.py : 6.5586323738098145
pf_5_20.py : 11.71928882598877
pf_5_5.py : 8.92424488067627
