pycsou_dask.py : 28.497609853744507
pycsou_sparse.py : 11.74267840385437
pmb_10_1.py : 11.096369981765747
pmb_10_10.py : 12.11027479171753
pmb_10_15.py : 10.430258512496948
pmb_10_2.py : 10.534772396087646
pmb_10_20.py : 13.008696794509888
pmb_10_5.py : 11.22830843925476
pmb_15_1.py : 10.002722978591919
pmb_15_10.py : 10.04480266571045
pmb_15_15.py : 9.643787622451782
pmb_15_2.py : 9.972135543823242
pmb_15_20.py : 10.038704633712769
pmb_15_5.py : 9.743774652481079
pmb_20_1.py : 9.86833381652832
pmb_20_10.py : 9.533708333969116
pmb_20_15.py : 9.765007734298706
pmb_20_2.py : 9.698995113372803
pmb_20_20.py : 9.107339859008789
pmb_20_5.py : 9.359957456588745
pmb_2_1.py : 15.23846173286438
pmb_2_2.py : 19.034050703048706
pmb_50_1.py : 10.852833032608032
pmb_50_10.py : 9.210825204849243
pmb_50_15.py : 9.002127885818481
pmb_50_2.py : 9.927171468734741
pmb_50_20.py : 9.13347864151001
pmb_50_5.py : 9.276976585388184
pmb_5_1.py : 11.763115882873535
pmb_5_10.py : 12.812344551086426
pmb_5_15.py : 14.085297584533691
pmb_5_2.py : 12.076584815979004
pmb_5_20.py : 13.611390590667725
pmb_5_5.py : 13.29746127128601
