pycsou_dask.py : 28.933149576187134
pycsou_sparse.py : 12.695056438446045
pmb_10_1.py : 12.427100896835327
pmb_10_10.py : 12.093236446380615
pmb_10_15.py : 12.584770917892456
pmb_10_2.py : 12.174208164215088
pmb_10_20.py : 13.120445489883423
pmb_10_5.py : 11.88671588897705
pmb_15_1.py : 14.242428541183472
pmb_15_10.py : 11.324546337127686
pmb_15_15.py : 11.303995847702026
pmb_15_2.py : 12.272157192230225
pmb_15_20.py : 11.028275489807129
pmb_15_5.py : 11.542743682861328
pmb_20_1.py : 19.071290969848633
pmb_20_10.py : 11.33025336265564
pmb_20_15.py : 11.282402038574219
pmb_20_2.py : 14.393742084503174
pmb_20_20.py : 11.017351865768433
pmb_20_5.py : 12.160069942474365
pmb_2_1.py : 15.668022871017456
pmb_2_2.py : 22.06927466392517
pmb_50_1.py : 72.98347425460815
pmb_50_10.py : 19.531890392303467
pmb_50_15.py : 18.308181047439575
pmb_50_2.py : 43.00580406188965
pmb_50_20.py : 17.025969982147217
pmb_50_5.py : 24.985294342041016
pmb_5_1.py : 12.804134607315063
pmb_5_10.py : 13.73454213142395
pmb_5_15.py : 13.944756269454956
pmb_5_2.py : 13.03673243522644
pmb_5_20.py : 14.517812013626099
pmb_5_5.py : 13.51854658126831
