pycsou_dask.py : 202.5181450843811
pycsou_sparse.py : 
pmb_10_1.py : 64.53091859817505
pmb_10_10.py : 70.7400267124176
pmb_10_15.py : 69.40778613090515
pmb_10_2.py : 65.73973751068115
pmb_10_20.py : 81.08171153068542
pmb_10_5.py : 67.19176530838013
pmb_15_1.py : 63.39268183708191
pmb_15_10.py : 66.65785074234009
pmb_15_15.py : 67.63719439506531
pmb_15_2.py : 63.810240745544434
pmb_15_20.py : 65.11970615386963
pmb_15_5.py : 65.44153428077698
pmb_20_1.py : 61.8444709777832
pmb_20_10.py : 63.99006676673889
pmb_20_15.py : 64.44960331916809
pmb_20_2.py : 66.6426932811737
pmb_20_20.py : 63.906838178634644
pmb_20_5.py : 61.67299294471741
pmb_2_1.py : 88.92526507377625
pmb_2_2.py : 111.75528860092163
pmb_50_1.py : 65.84870624542236
pmb_50_10.py : 61.32172250747681
pmb_50_15.py : 61.79762840270996
pmb_50_2.py : 62.74392580986023
pmb_50_20.py : 61.71805000305176
pmb_50_5.py : 61.17749786376953
pmb_5_1.py : 69.21189093589783
pmb_5_10.py : 96.03119158744812
pmb_5_15.py : 109.88702821731567
pmb_5_2.py : 71.5179271697998
pmb_5_20.py : 148.58988523483276
pmb_5_5.py : 85.32263731956482
pf_10_10.py : 67.2140998840332
pf_10_15.py : 65.82200479507446
pf_10_2.py : 57.99740529060364
pf_10_20.py : 77.56976008415222
pf_10_5.py : 63.51769161224365
pf_15_10.py : 63.30778884887695
pf_15_15.py : 63.267204999923706
pf_15_2.py : 53.64772367477417
pf_15_20.py : 61.82870554924011
pf_15_5.py : 57.6002082824707
pf_20_10.py : 60.24750089645386
pf_20_15.py : 58.69065809249878
pf_20_2.py : 53.89095878601074
pf_20_20.py : 61.16191244125366
pf_20_5.py : 57.97842359542847
pf_2_2.py : 109.74200987815857
pf_50_10.py : 54.433552742004395
pf_50_15.py : 54.01145148277283
pf_50_2.py : 56.16611433029175
pf_50_20.py : 56.002840995788574
pf_50_5.py : 53.80902147293091
pf_5_10.py : 92.22048354148865
pf_5_15.py : 105.81450891494751
pf_5_2.py : 60.78751993179321
pf_5_20.py : 142.6404480934143
pf_5_5.py : 80.32917428016663
