pycsou_dask.py : 28.240384340286255
pycsou_sparse.py : 11.493567705154419
pmb_10_1.py : 10.974919557571411
pmb_10_10.py : 11.851202011108398
pmb_10_15.py : 10.208966732025146
pmb_10_2.py : 10.803146600723267
pmb_10_20.py : 12.650599718093872
pmb_10_5.py : 10.986287117004395
pmb_15_1.py : 9.938686847686768
pmb_15_10.py : 9.702834606170654
pmb_15_15.py : 9.019002914428711
pmb_15_2.py : 9.72129774093628
pmb_15_20.py : 9.712743520736694
pmb_15_5.py : 9.580647230148315
pmb_20_1.py : 9.9295654296875
pmb_20_10.py : 9.330085039138794
pmb_20_15.py : 9.576494693756104
pmb_20_2.py : 9.555512428283691
pmb_20_20.py : 9.327338695526123
pmb_20_5.py : 9.3737051486969
pmb_2_1.py : 15.66095781326294
pmb_2_2.py : 18.798572540283203
pmb_50_1.py : 10.66684365272522
pmb_50_10.py : 9.109613180160522
pmb_50_15.py : 8.912599086761475
pmb_50_2.py : 9.778846979141235
pmb_50_20.py : 9.088931798934937
pmb_50_5.py : 9.199596405029297
pmb_5_1.py : 11.951399564743042
pmb_5_10.py : 13.206395149230957
pmb_5_15.py : 13.538597106933594
pmb_5_2.py : 12.16234278678894
pmb_5_20.py : 15.655598640441895
pmb_5_5.py : 14.038391351699829
pf_10_10.py : 9.403331995010376
pf_10_15.py : 8.570756673812866
pf_10_2.py : 5.9114696979522705
pf_10_20.py : 10.822210788726807
pf_10_5.py : 7.791537523269653
pf_15_10.py : 6.770483016967773
pf_15_15.py : 6.885558128356934
pf_15_2.py : 5.047487020492554
pf_15_20.py : 7.350600004196167
pf_15_5.py : 6.34400749206543
pf_20_10.py : 6.652386903762817
pf_20_15.py : 6.790680170059204
pf_20_2.py : 5.20115065574646
pf_20_20.py : 6.672287464141846
pf_20_5.py : 6.141032934188843
pf_2_2.py : 13.252776861190796
pf_50_10.py : 6.447190284729004
pf_50_15.py : 6.4456353187561035
pf_50_2.py : 6.063051223754883
pf_50_20.py : 6.805739879608154
pf_50_5.py : 6.112159252166748
pf_5_10.py : 9.410742282867432
pf_5_15.py : 11.074759244918823
pf_5_2.py : 7.024739742279053
pf_5_20.py : 11.807436466217041
pf_5_5.py : 11.338784217834473
