pycsou_dask.py : 27.69782304763794
pycsou_sparse.py : 37.22312641143799
pmb_10_1.py : 13.328672647476196
pmb_10_10.py : 15.828070402145386
pmb_10_15.py : 16.508219242095947
pmb_10_2.py : 13.129828453063965
pmb_10_20.py : 22.18062472343445
pmb_10_5.py : 12.734476089477539
pmb_15_1.py : 12.69036316871643
pmb_15_10.py : 15.751736164093018
pmb_15_15.py : 15.684940099716187
pmb_15_2.py : 13.258743286132812
pmb_15_20.py : 14.662174224853516
pmb_15_5.py : 13.112450361251831
pmb_20_1.py : 13.173120498657227
pmb_20_10.py : 13.863705158233643
pmb_20_15.py : 14.87121868133545
pmb_20_2.py : 13.631050825119019
pmb_20_20.py : 17.989314317703247
pmb_20_5.py : 13.088894367218018
pmb_2_1.py : 16.476394414901733
pmb_2_2.py : 18.306350708007812
pmb_50_1.py : 12.889837503433228
pmb_50_10.py : 13.192267417907715
pmb_50_15.py : 13.073554039001465
pmb_50_2.py : 12.86650824546814
pmb_50_20.py : 14.583569288253784
pmb_50_5.py : 12.768969058990479
pmb_5_1.py : 13.322224378585815
pmb_5_10.py : 22.480612993240356
pmb_5_15.py : 22.155502319335938
pmb_5_2.py : 14.858380556106567
pmb_5_20.py : 21.353696823120117
pmb_5_5.py : 16.6084463596344
