pycsou_dask.py : 27.675700426101685
pycsou_sparse.py : 
pmb_10_1.py : 15.791420221328735
pmb_10_10.py : 18.429697513580322
pmb_10_15.py : 19.106703281402588
pmb_10_2.py : 15.63866639137268
pmb_10_20.py : 24.166488885879517
pmb_10_5.py : 15.270419359207153
pmb_15_1.py : 15.290377378463745
pmb_15_10.py : 16.6670823097229
pmb_15_15.py : 17.99139404296875
pmb_15_2.py : 15.076970338821411
pmb_15_20.py : 19.31689429283142
pmb_15_5.py : 16.280836582183838
pmb_20_1.py : 15.901757955551147
pmb_20_10.py : 15.630762815475464
pmb_20_15.py : 17.21300482749939
pmb_20_2.py : 15.412179470062256
pmb_20_20.py : 18.070422887802124
pmb_20_5.py : 15.311925649642944
pmb_2_1.py : 15.149029016494751
pmb_2_2.py : 18.427168607711792
pmb_50_1.py : 15.435474872589111
pmb_50_10.py : 15.00353741645813
pmb_50_15.py : 14.76117491722107
pmb_50_2.py : 14.769501686096191
pmb_50_20.py : 16.078336715698242
pmb_50_5.py : 14.784491539001465
pmb_5_1.py : 15.361356019973755
pmb_5_10.py : 23.5515456199646
pmb_5_15.py : 23.57228136062622
pmb_5_2.py : 16.146477699279785
pmb_5_20.py : 25.110009908676147
pmb_5_5.py : 18.693622827529907
pf_10_10.py : 16.384409427642822
pf_10_15.py : 17.681132793426514
pf_10_2.py : 11.773546934127808
pf_10_20.py : 22.915759086608887
pf_10_5.py : 12.249795913696289
pf_15_10.py : 13.487650156021118
pf_15_15.py : 16.17572021484375
pf_15_2.py : 11.078412532806396
pf_15_20.py : 15.243631839752197
pf_15_5.py : 13.381616592407227
pf_20_10.py : 13.243959665298462
pf_20_15.py : 13.435877084732056
pf_20_2.py : 10.997970819473267
pf_20_20.py : 16.344980239868164
pf_20_5.py : 11.79122805595398
pf_2_2.py : 14.422223567962646
pf_50_10.py : 12.693273544311523
pf_50_15.py : 12.249505281448364
pf_50_2.py : 10.64050841331482
pf_50_20.py : 13.931209325790405
pf_50_5.py : 11.810133457183838
pf_5_10.py : 23.755751132965088
pf_5_15.py : 22.33991837501526
pf_5_2.py : 12.981330394744873
pf_5_20.py : 23.762710094451904
pf_5_5.py : 16.083781957626343
